51904720457	0.000
52405260535	0.025
50505330523	0.050
51005050543	0.075
42804480532	0.100
44505370478	0.125
52504750532	0.150
46505400484	0.175
46105070544	0.200
51804910436	0.225
54905170478	0.250
47605330536	0.275
46604750512	0.300
53404440503	0.325
49104970456	0.350
54504600538	0.375
51805440529	0.400
47004440543	0.425
53505440530	0.450
51504590506	0.475
47405310551	0.500
53305370545	0.525
49405150538	0.550
51905250526	0.575
54905200497	0.600
46505290459	0.625
51804640544	0.650
52104620445	0.675
45304400524	0.700
5400440099	0.725
2900510044	0.750
4400290051	0.775
2900520030	0.800
5100440029	0.825
2900440045	0.850
5100260369	0.875
4400290028	0.900
4400570032	0.925
4400290055	0.950
5500550044	0.975
3700560029	1.000
5500370055	1.025
3700440033	1.050
2900370073	1.075
5500290043	1.100
5600580030	1.125
2900370056	1.150
5500510029	1.175
2900560074	1.200
5600580055	1.225
5500550073	1.250
5600560057	1.275
5500290037	1.300
5500370043	1.325
2900560037	1.350
3700290055	1.375
2900550054	1.400
5600430056	1.425
5500550029	1.450
4400330056	1.475
5500440033	1.500
4400550055	1.525
4400590056	1.550
4400550059	1.575
2900440051	1.600
5500420054	1.625
2900550055	1.650
5600560037	1.675
5500550037	1.700
2900370033	1.726
7300290037	1.751
5500290054	1.776
5600570058	1.801
5500550059	1.826
2900440055	1.851
5500290044	1.876
4400550058	1.901
2900440088	1.926
7400590044	1.951
5600330029	1.976
5500330058	2.001
5600330029	2.026
5500550029	2.051
5500740058	2.076
2900550074	2.101
5500490032	2.126
2800420034	2.151
4700350026	2.176
4200280029	2.201
3300420043	2.226
4400550030	2.251
7800770066	2.276
4400330045	2.301
7700440034	2.326
7600450034	2.351
5500770066	2.376
4300320066	2.401
6500320032	2.426
3200540025	2.451
4400440055	2.476
3200320031	2.501
3300320044	2.526
3300320089	2.551
3300430034	2.576
3200430031	2.601
3700440043	2.626
3300550034	2.651
3200320044	2.676
4300860025	2.701
3300640037	2.726
4300560045	2.751
6000590061	2.776
2500500061	2.801
2500250049	2.826
6000490035	2.851
4900250049	2.876
4700360049	2.901
3500480047	2.926
4700490059	2.951
2500260025	2.976
2500250026	3.001
6100490048	3.026
6200620063	3.051
2600740062	3.076
2900390068	3.101
2500290037	3.126
2500370062	3.151
3600370049	3.176
3700270037	3.201
3600370048	3.226
3500720034	3.251
3400340033	3.276
23602400232	3.301
2700290055	3.326
3200430044	3.351
3200440064	3.376
3300440032	3.401
3200320044	3.426
4300650075	3.451
3200330045	3.476
4500770077	3.501
4300440044	3.526
4300440032	3.551
3300450043	3.576
3300880043	3.601
3300320087	3.626
3300440032	3.651
3300330077	3.676
3300320066	3.701
3200440032	3.726
4300540033	3.751
4300310041	3.776
3100300028	3.801
3700270037	3.826
4700280038	3.851
3700550029	3.876
3600340035	3.901
3300500032	3.926
3800380039	3.951
2700550043	3.976
5500310028	4.001
2700340091	4.026
2800300083	4.051
3800310036	4.076
3000830084	4.101
3000370037	4.126
3700300082	4.151
3700290073	4.176
3600510030	4.201
2800280052	4.226
5100290028	4.251
2900440073	4.276
3300430054	4.301
2900330038	4.326
3200730058	4.351
2900550043	4.376
5500580147	4.401
7300330074	4.426
2900550033	4.451
3300560076	4.476
5500550073	4.501
2900560037	4.526
5500370055	4.551
3700290043	4.576
3700370043	4.601
5500440055	4.626
4400560037	4.651
2800290026	4.676
2900260030	4.701
2900280029	4.726
5500550029	4.751
3200320029	4.776
4400550032	4.801
3300430032	4.826
4300430032	4.851
4400450033	4.876
4500440033	4.901
4300420033	4.926
4400330051	4.951
4400440033	4.976
4400550029	5.001
4300320032	5.026
4400450045	5.051
4400330045	5.076
4400430043	5.101
4400550045	5.126
4400430055	5.151
4400430055	5.177
4400440055	5.202
4400550033	5.227
4400430054	5.252
3200550056	5.277
4300550043	5.302
3700320029	5.327
3300550037	5.352
4300330037	5.377
5500290055	5.402
8200540079	5.427
3100310032	5.452
3600360048	5.477
3600490035	5.502
3600360025	5.527
4800370048	5.552
4800250047	5.577
3600490036	5.602
3700490050	5.627
4900370050	5.652
3700480048	5.677
3600470038	5.702
4800360049	5.727
4800360047	5.752
4800360047	5.777
3300270047	5.802
2900260028	5.827
3100300042	5.852
3200270043	5.877
3300440031	5.902
3100310027	5.927
2800480086	5.952
2900380030	5.977
3000300038	6.002
2900300058	6.027
3100300029	6.052
4300420053	6.077
3200320042	6.102
3200550086	6.127
3200430044	6.152
4500410032	6.177
3300320044	6.202
3200430096	6.227
4500340032	6.252
3300440033	6.277
3200440087	6.302
4300320043	6.327
3300290065	6.352
3300440033	6.377
3000310040	6.402
2900550043	6.427
2900550043	6.452
5500330055	6.477
2900330031	6.502
5500270027	6.527
2900320110	6.552
4400440054	6.577
2900440028	6.602
2900440033	6.627
3300440030	6.652
5500430056	6.677
5600290037	6.702
5500290037	6.727
5500370044	6.752
3700330056	6.777
2900550033	6.802
3700540049	6.827
5600250043	6.852
4900550029	6.877
4300550037	6.902
5500490050	6.927
2900370033	6.952
5500330036	6.977
2900330056	7.002
5500560037	7.027
5600360043	7.052
5500550054	7.077
5600550044	7.102
5500550117	7.127
5600330059	7.152
5500330029	7.177
4300330029	7.202
5500740032	7.227
2900320055	7.252
3300290044	7.277
5500540033	7.302
2900320044	7.327
5500540029	7.352
5600440055	7.377
5600290044	7.402
5500290044	7.427
5500290033	7.452
2900330085	7.477
5500480029	7.502
4700460079	7.527
3800820028	7.552
3200420030	7.577
3200440041	7.602
3200430044	7.627
4200530032	7.652
4300330077	7.677
6500330077	7.702
3200440044	7.727
4300650055	7.752
3300660033	7.777
3300540033	7.802
3200530055	7.827
3300430054	7.852
3300430055	7.877
3300320043	7.902
3200330054	7.927
3300330044	7.952
3300310044	7.977
3200330030	8.002
5502570258	8.027
25802630324	8.052
28602760260	8.077
2500550044	8.102
2501260123	8.127
12400250025	8.152
2500290124	8.177
15001360029	8.202
13701500136	8.227
14701470135	8.252
14701220134	8.277
14801360123	8.302
2501230147	8.327
2901230049	8.352
3901210049	8.377
3902540025	8.402
2500250029	8.427
2500500050	8.452
3700370026	8.477
4800360035	8.502
3700490050	8.527
3600260061	8.552
23802600222	8.577
2702140204	8.603
3300330043	8.628
3300430053	8.653
3100310044	8.678
4400320033	8.703
3300440033	8.728
4300320065	8.753
4400540065	8.778
3300440067	8.803
4300450045	8.828
4300770032	8.853
3300880032	8.878
3300430031	8.903
4200860033	8.928
3200440043	8.953
3300550033	8.978
4900430033	9.003
4300250087	9.028
2800370029	9.053
2900360026	9.078
3500330026	9.103
2500250066	9.128
3200250029	9.153
3200320044	9.178
4302140237	9.203
23600330293	9.228
31003110293	9.253
3203090044	9.278
2600270029	9.303
2800330030	9.328
3101140032	9.353
12201090117	9.378
2901330025	9.403
3000310032	9.428
2900510052	9.453
2900440025	9.478
2900510030	9.503
54201910350	9.528
5100290028	9.553
2900590033	9.578
4400430051	9.603
4400290054	9.628
4400560088	9.653
4400290055	9.678
2900440028	9.703
3300430054	9.728
2900330055	9.753
5500440029	9.778
4400290028	9.803
4400550030	9.828
4400560059	9.853
5500440029	9.878
2900330044	9.903
5600290043	9.928
5500310054	9.953
5600250044	9.978
4400290032	10.003
4900370049	10.028
3200430056	10.053
4400330037	10.078
3200430055	10.103
3200420043	10.128
4500320033	10.153
4400450033	10.178
4300420055	10.203
4500330045	10.228
4400450033	10.253
3300430043	10.278
4400430043	10.303
4500320047	10.328
4400430046	10.353
4300420053	10.378
4400550033	10.403
5400290056	10.428
4300540032	10.453
6600650055	10.478
6600650055	10.503
13701770165	10.528
17500560177	10.553
3701450178	10.578
5500370055	10.603
3700290031	10.628
5500290037	10.653
2900950056	10.678
5500290290	10.703
3300290259	10.728
5500380068	10.753
2600270049	10.778
2600380118	10.803
3901170128	10.828
3900290058	10.853
3900290028	10.878
3900290028	10.903
2900390200	10.928
4900390030	10.953
2900490048	10.978
2900390059	11.003
2902070219	11.028
3900280028	11.053
2700260026	11.078
2700360028	11.103
2800270037	11.128
2800360037	11.153
2800360029	11.178
2600250027	11.203
26002560252	11.228
25802590238	11.253
3200320031	11.278
3300250032	11.303
3300250032	11.328
3300310033	11.353
3100250039	11.378
9800990098	11.403
3800340033	11.428
3300400033	11.453
2500340033	11.478
3200340026	11.503
2500410036	11.528
3300570031	11.553
2500320040	11.578
2500320032	11.603
4900330055	11.628
3300550056	11.653
5500330049	11.678
5400430054	11.703
5500490044	11.728
4400440055	11.753
5500320055	11.778
4400480033	11.803
4400330055	11.828
4400410043	11.853
3200490043	11.878
3300550044	11.903
4900330044	11.928
3200330044	11.953
3300560044	11.978
3300550083	12.003
3300430054	12.029
3300550049	12.054
3300830044	12.079
3300550049	12.104
4400330055	12.129
4400550032	12.154
4400320083	12.179
5400550049	12.204
3200490027	12.229
5500550032	12.254
3300550033	12.279
3300550049	12.304
3200560083	12.329
5500490044	12.354
4400330055	12.379
5500490033	12.404
3300540044	12.429
3300550043	12.454
3300250032	12.479
5500290030	12.504
3200300028	12.529
3200330031	12.554
3300440056	12.579
3300330031	12.604
3300440032	12.629
3300310031	12.654
3100290039	12.679
3500550032	12.704
3200430029	12.729
4400330055	12.754
4400770055	12.779
3200760044	12.804
4300320077	12.829
3300440044	12.854
3300440076	12.879
4300760032	12.904
4400320076	12.929
4400330042	12.954
6400430043	12.979
3200330043	13.004
3300320044	13.029
4300320054	13.054
3200440043	13.079
4400330033	13.104
3200320043	13.129
3200430042	13.154
3200320029	13.179
3200430025	13.204
3300330043	13.229
3200320031	13.254
3200310043	13.279
2900300030	13.304
5500540029	13.329
5500450025	13.354
4600330047	13.379
4800470048	13.404
3600490072	13.429
3600480049	13.454
3600730071	13.479
2500490074	13.504
3600350025	13.529
7200480037	13.554
3700490036	13.579
2500360061	13.604
4800470036	13.629
3700390044	13.654
3700600029	13.679
4000580048	13.704
2900390025	13.729
4800470039	13.754
3700480060	13.779
4900370049	13.804
3600490061	13.829
3500480049	13.854
28302660036	13.879
2702780055	13.904
3000320039	13.929
2700300032	13.954
2900360055	13.979
3000380035	14.004
3200430043	14.029
4400860031	14.054
3200430087	14.079
3400870045	14.104
3300440098	14.129
3200430031	14.154
3300450044	14.179
3300440044	14.204
3200320031	14.229
3200430025	14.254
3200430033	14.279
3500350028	14.304
3700550037	14.329
3700360046	14.354
3700360037	14.379
3600340044	14.404
3400330025	14.429
3400250044	14.454
3300320074	14.479
4400330049	14.504
3202130048	14.529
3200430041	14.554
3300440041	14.579
2600260027	14.604
3300740040	14.629
4200400041	14.654
4300370029	14.679
3600440045	14.704
3500290036	14.729
2500320034	14.754
5200440059	14.779
4400290112	14.804
4400510033	14.829
4400270029	14.854
5100290044	14.879
5500440052	14.904
5100440045	14.929
2900510048	14.954
4300550056	14.979
5400290051	15.004
5500440054	15.029
3300550044	15.054
5500290033	15.079
2900540028	15.104
5500430054	15.129
2900440055	15.154
4400550055	15.179
4400330054	15.204
2900550033	15.229
2900430055	15.254
5500550029	15.279
5400290032	15.304
5600440030	15.329
2900550044	15.354
3700740088	15.379
4300310055	15.404
3300440032	15.429
3300320032	15.454
3300440043	15.480
4300320043	15.505
4400430033	15.530
3400440043	15.555
3300450046	15.580
4300320031	15.605
4400330032	15.630
5500440034	15.655
3200440054	15.680
6500540029	15.705
5500320055	15.730
3200430064	15.755
3300330044	15.780
4400670034	15.805
3100310029	15.830
3100320044	15.855
3200440043	15.880
5500370056	15.905
3700340045	15.930
5500330037	15.955
3700310043	15.980
5500340056	16.005
2900250034	16.030
5500440054	16.055
4500460033	16.080
3500550034	16.105
4700480048	16.130
4800490035	16.155
2500480048	16.180
2500490025	16.205
2500360049	16.230
4800460036	16.255
3500460035	16.280
4500440034	16.305
4300410031	16.330
4000390051	16.355
2900280050	16.380
2900390030	16.405
4400390025	16.430
2500250026	16.455
2900300030	16.480
3000400028	16.505
3000290039	16.530
2700280036	16.555
2800280029	16.580
2800280027	16.605
2700430049	16.630
3300330034	16.655
3200440033	16.680
4200310030	16.705
3100320030	16.730
3200520040	16.755
3300440032	16.780
3200430035	16.805
3200430044	16.830
4500900056	16.855
3100420031	16.880
3100420033	16.905
3400330032	16.930
3400320079	16.955
3200320030	16.980
2900550037	17.005
4400290037	17.030
5500330044	17.055
5500290044	17.080
5400440043	17.105
5500440029	17.130
4400290030	17.155
5500330044	17.180
3300370029	17.205
3700430055	17.230
3700320043	17.255
3700550044	17.280
2900440037	17.305
5500370029	17.330
4300370088	17.355
2900550037	17.380
3700290028	17.405
3700290044	17.430
2900440037	17.455
3700280028	17.480
2900370051	17.505
3700430054	17.530
2900590037	17.555
4400290059	17.580
4400370059	17.605
3200430037	17.630
4400330054	17.655
5500440033	17.680
4300290037	17.705
5500290032	17.730
4400290058	17.755
5500440029	17.780
4400290033	17.805
5500440043	17.830
4400540032	17.855
2900550044	17.880
5600290057	17.905
2900560033	17.930
2900300033	17.955
3200540028	17.980
5501410025	18.005
5500290025	18.030
3000300026	18.055
3000550040	18.080
2900280027	18.105
2800370027	18.130
2900280028	18.155
3000400037	18.180
2900280038	18.205
3000290040	18.230
3000400038	18.255
2900380030	18.280
2900300039	18.305
2900300040	18.330
3800490048	18.355
4900490025	18.380
2900390025	18.405
4900290039	18.430
3900440257	18.455
3000390031	18.480
2900280028	18.505
2800380027	18.530
2600510061	18.555
3600340036	18.580
4500360027	18.605
3600460064	18.630
4300260044	18.655
3900430055	18.680
5500310032	18.705
2500250029	18.730
2500500044	18.755
2500330032	18.780
2500260032	18.805
2600320038	18.830
2500260034	18.855
4100410042	18.880
2500570033	18.906
3200400074	18.931
3300450047	18.956
3300490055	18.981
4900550033	19.006
5500430033	19.031
4900440054	19.056
4400550032	19.081
4400490055	19.106
4400880083	19.131
4900550043	19.156
4800990027	19.181
5500490055	19.206
8300440054	19.231
5500270083	19.256
4400830027	19.281
5500440028	19.306
4401100028	19.331
4400490033	19.356
4400330054	19.381
2500290049	19.406
5500320029	19.431
4900430029	19.456
2600520052	19.481
2700270026	19.506
2600270044	19.531
2600260028	19.556
2800290027	19.581
2600280028	19.606
2800260025	19.631
2700270028	19.656
2800360037	19.681
2700290044	19.706
2700550029	19.731
2700360036	19.756
2700550029	19.781
2800370044	19.806
2800270037	19.831
2700270028	19.856
2500330026	19.881
5600290043	19.906
3700440033	19.931
3700440055	19.956
3200440037	19.981
4400300055	20.006
4400330037	20.031
5500250033	20.056
2500250033	20.081
2900550142	20.106
2800350044	20.131
4400290056	20.156
2900480030	20.181
9800580036	20.206
2900490098	20.231
2900490044	20.256
2900440030	20.281
4800280030	20.306
4900380098	20.331
2900780049	20.356
3900290049	20.381
2900390078	20.406
2900390030	20.431
3900290040	20.456
2900780039	20.481
2900390038	20.506
2900390049	20.531
5100390078	20.556
3900390043	20.581
3900290038	20.606
3900440029	20.631
3900400059	20.656
2900390056	20.681
2900490056	20.706
3900290031	20.731
2700270025	20.756
2700390026	20.781
2900380039	20.806
2800380040	20.831
2900310041	20.856
4100300031	20.881
2800290040	20.906
3000390049	20.931
3000390029	20.956
2800370029	20.981
2900400030	21.006
3000390039	21.031
2900390030	21.056
2900280039	21.081
2900490039	21.106
2903800230	21.131
3900490326	21.156
2700250028	21.181
2800280029	21.206
2700550036	21.231
5500280029	21.256
2700990029	21.281
3600390055	21.306
10100270078	21.331
2900330039	21.356
4400260025	21.381
4400560027	21.406
2900440032	21.431
4400320055	21.456
5300590065	21.481
2800410046	21.506
2700280041	21.531
2500420026	21.556
4100310039	21.581
2500320031	21.606
2600420034	21.631
2500250041	21.656
5500440083	21.681
3300550056	21.706
3300550066	21.731
3300550028	21.756
3300330083	21.781
2900360027	21.806
5500320025	21.831
2800830054	21.856
5500270056	21.881
2800550035	21.906
5500320049	21.931
2500250031	21.956
2701280130	21.981
2700300027	22.006
2900280048	22.031
4100270043	22.056
3300430042	22.081
5400400073	22.106
5500270027	22.131
2700430112	22.156
5100290054	22.181
5400520045	22.206
5100440033	22.231
2900550044	22.256
5100540043	22.281
2900320044	22.306
5500550056	22.332
4400560029	22.357
5500540044	22.382
2900430059	22.407
5500550059	22.432
5500580033	22.457
2900550044	22.482
4400290054	22.507
4400290032	22.532
2900550055	22.557
4300880056	22.582
3300880029	22.607
3300880044	22.632
4400550055	22.657
4400290029	22.682
4400330037	22.707
5500290044	22.732
5600440056	22.757
2900550028	22.782
2900490055	22.807
7400440056	22.832
2900490056	22.857
19101900049	22.882
15200380190	22.907
3801530152	22.932
3800490153	22.957
15301910154	22.982
3802300192	23.007
7701530191	23.032
23001530029	23.057
4900390029	23.082
2900390087	23.107
4900440025	23.132
4400390154	23.157
4400590036	23.182
17600440175	23.207
4400740183	23.232
2700550044	23.257
2900280064	23.282
2701320055	23.307
4400880029	23.332
4401320177	23.357
4400880183	23.382
4401770039	23.407
2900300088	23.432
6400640228	23.457
3800640076	23.482
23000290192	23.507
3202690154	23.532
15400380055	23.557
3200550154	23.582
4300390154	23.607
3800440054	23.632
4400390039	23.657
3300380044	23.682
3300320038	23.707
3300390043	23.732
3300490055	23.757
3300440055	23.782
4400490033	23.807
4400330083	23.832
3300490044	23.857
3300260055	23.882
3300380049	23.907
3300550083	23.932
4900380032	23.957
3200550032	23.982
4400490055	24.007
3300440038	24.032
3300650031	24.057
3300770153	24.082
6400440077	24.107
7300740146	24.132
18300430029	24.157
8801320029	24.182
18300360132	24.207
3700440033	24.232
5500370027	24.257
3601460110	24.282
5100290132	24.307
3601320182	24.332
2901830132	24.357
3601310176	24.382
4400550037	24.407
4400370029	24.432
5500440043	24.457
3600290058	24.482
4400550059	24.507
5900370089	24.532
3201530190	24.557
19101910159	24.582
19101590153	24.607
19100290031	24.632
5600320160	24.657
5500370044	24.682
4400320037	24.707
5500320037	24.732
4401920194	24.757
3800290044	24.782
3300550043	24.807
3601840030	24.832
3700290043	24.857
3700550055	24.882
4400390037	24.907
2900580036	24.932
2900360049	24.957
2900780036	24.982
4400370048	25.007
3700440037	25.032
3700440049	25.057
4400490036	25.082
2900440078	25.107
3900360029	25.132
2500390049	25.157
2900370039	25.182
4400370039	25.207
4400390037	25.232
2900390030	25.257
3600440039	25.282
3900290088	25.307
4400370037	25.332
3900370040	25.357
3700290044	25.382
4400360025	25.407
3900440049	25.432
2900390078	25.457
2900440036	25.482
3900440182	25.507
3600490029	25.532
18200390029	25.557
3601310043	25.582
18300390049	25.607
3601830132	25.632
13201820049	25.657
13200360029	25.682
3900480183	25.707
18200360131	25.732
5800360073	25.757
3701320039	25.783
4400880058	25.808
3601320049	25.833
4400590029	25.858
4400370043	25.883
5800370029	25.908
4401840036	25.933
3600440027	25.958
5800290176	25.983
4400370059	26.008
4400580132	26.033
3600440176	26.058
4401770073	26.083
3700440027	26.108
3600590044	26.133
2901830059	26.158
3700560059	26.183
3601830029	26.208
17601830058	26.233
5600370036	26.258
4900380055	26.283
4900650048	26.308
5400650088	26.333
3201640065	26.358
16400440074	26.383
9700440057	26.408
3300440033	26.433
11500490033	26.458
4900540083	26.483
5600840049	26.508
5500280043	26.533
2800320049	26.558
5500440027	26.583
4900580175	26.608
5800730036	26.633
17701320176	26.658
8800660029	26.683
4402060036	26.708
6600880029	26.733
4402060043	26.758
5500380044	26.783
5500770065	26.808
3800660048	26.833
4300540065	26.858
6600440087	26.883
6600360029	26.908
5100550037	26.933
15400440198	26.958
4400290051	26.983
3700440059	27.008
2900550044	27.033
3600550044	27.058
5101540054	27.083
3600440030	27.108
4400330051	27.133
5500290044	27.158
5900510037	27.183
5500370043	27.208
2900370032	27.233
5500290037	27.258
4400370054	27.283
5500440029	27.308
3700660058	27.333
5500370029	27.358
4300360032	27.383
5600290056	27.408
5500440029	27.433
4400440055	27.458
5500290027	27.483
5600570058	27.508
5500290043	27.533
3300290059	27.558
5500550033	27.583
2900300044	27.608
5500290054	27.633
4300290088	27.658
5500290055	27.683
3300370044	27.708
5500510029	27.733
2900440032	27.758
5500510055	27.783
2900300032	27.808
5500290055	27.833
5600330037	27.858
5500290044	27.883
2900580037	27.908
5500290043	27.933
2900590030	27.958
5500330044	27.983
3300970140	28.008
2600250029	28.033
2900280030	28.058
5500300029	28.083
3300290043	28.108
5500320030	28.133
4000290036	28.158
5500840089	28.183
2600290087	28.208
3200420031	28.233
3200430075	28.258
3100320043	28.283
3100410075	28.308
3200650043	28.333
7600430076	28.358
4300430076	28.383
3200760075	28.408
4300330045	28.433
4400320032	28.458
4200440032	28.483
4200320062	28.508
4300320054	28.533
3200250043	28.558
3200320033	28.583
4500550044	28.608
4400300055	28.633
4200400042	28.658
3100440031	28.683
4300440086	28.708
4300550032	28.733
3200320043	28.758
4300540032	28.783
3300330044	28.808
3100320032	28.833
3200290043	28.858
5500550127	28.883
11401140124	28.908
2501130110	28.933
2501100111	28.958
2500250110	28.983
11200500125	29.008
10000980037	29.033
9700960048	29.058
8500350097	29.083
2500970025	29.108
3300310033	29.133
2500310049	29.158
2900490030	29.183
3900490029	29.209
3900390029	29.234
2900390079	29.259
3900400158	29.284
4200410043	29.309
3100280031	29.334
4200320029	29.359
4300330034	29.384
4400660055	29.409
3200550032	29.434
4200420031	29.459
4300420076	29.484
4200420033	29.509
3200530075	29.534
7900320043	29.559
4400320078	29.584
4300320076	29.609
4300440045	29.634
4400450044	29.659
3200450033	29.684
4300650066	29.709
3300660065	29.734
5400330066	29.759
3100300032	29.784
3300270027	29.809
3300260026	29.834
2700490027	29.859
2700250044	29.884
5500440027	29.909
2600330039	29.934
5500440049	29.959
3300410054	29.984
2700330049	30.009
5500330045	30.034
3300320044	30.059
3300270104	30.084
4401050140	30.109
4800440049	30.134
2700490025	30.159
4800490057	30.184
5500270032	30.209
4400330048	30.234
4400490033	30.259
2500320026	30.284
4300510030	30.309
5100330112	30.334
2900330044	30.359
2900510033	30.384
5500440059	30.409
2900510028	30.434
5400750063	30.459
2900550032	30.484
2900560033	30.509
5500290055	30.534
2900560044	30.559
5500290032	30.584
2900540058	30.609
5500290055	30.634
3300430033	30.659
3300550044	30.684
4400290054	30.709
2900560059	30.734
5500550058	30.759
2900430054	30.784
5500290028	30.809
2900300055	30.834
5600300032	30.859
5500540029	30.884
3000310029	30.909
3100310041	30.934
4200310030	30.959
4400430033	30.984
4400420042	31.009
4300320043	31.034
4400430043	31.059
4500250032	31.084
4400550045	31.109
4400550033	31.134
5500430043	31.159
5500540032	31.184
4400550031	31.209
2900510030	31.234
5500290037	31.259
4400290037	31.284
2900550044	31.309
4400370054	31.334
5500250029	31.359
2600250029	31.384
2600250026	31.409
3301230045	31.434
4301910031	31.459
3200430025	31.484
3300440086	31.509
2900560030	31.534
3800370056	31.559
2800380038	31.584
4200390030	31.609
3500350044	31.634
3500470046	31.659
3500350048	31.684
3600490025	31.709
4900250037	31.734
3600480033	31.759
3300330034	31.784
2900490039	31.809
4800390044	31.834
4400290029	31.859
4900440039	31.884
2900440038	31.909
4400290059	31.934
4400390029	31.959
4400290030	31.984
3900440037	32.009
2701160029	32.034
5500640044	32.059
2700550044	32.084
5500280044	32.109
2702500039	32.134
25802500246	32.159
26102590291	32.184
2902750043	32.209
14300540142	32.234
5501250127	32.259
2900440125	32.284
5500440128	32.309
5100440043	32.334
4400290051	32.359
4400550029	32.384
4400510044	32.409
5500440045	32.434
2900440051	32.459
5500290028	32.484
2900290028	32.509
2900540028	32.534
2900330030	32.559
2900550030	32.584
2900550028	32.609
2900540073	32.635
5500550029	32.660
5600290033	32.685
5500330029	32.710
2900880056	32.735
5500290028	32.760
2900550036	32.785
5500290043	32.810
2900540033	32.835
5500550033	32.860
3300440029	32.885
5800370056	32.910
2900430037	32.935
3700550032	32.960
2900370054	32.985
5500370044	33.010
3700550027	33.035
5500290037	33.060
5100370027	33.085
5500580056	33.110
2900510044	33.135
5500540029	33.160
4300320032	33.185
5600590033	33.210
3700440055	33.235
3700290054	33.260
2900370043	33.285
3700430055	33.310
5500280029	33.335
2900440054	33.360
5500440030	33.385
2900270028	33.410
3000290029	33.435
2900410026	33.460
4402190247	33.485
4400290033	33.510
3200250043	33.535
2900550055	33.560
3700330055	33.585
5500290037	33.610
3700390077	33.635
4100410083	33.660
3100300041	33.685
4200320084	33.710
3200310042	33.735
3200440031	33.760
4300330038	33.785
3200330033	33.810
3300440044	33.835
3300440043	33.860
4300330032	33.885
3300430033	33.910
4400290043	33.935
3100320029	33.960
3200420044	33.985
4500290055	34.010
2900280055	34.035
3000290031	34.060
3200320033	34.085
3200430031	34.110
3200430033	34.135
3300340043	34.160
3300320032	34.185
3200640054	34.210
3200320056	34.235
2900250055	34.260
2500330025	34.285
5500350147	34.310
3501230120	34.335
2500250037	34.360
2500290049	34.385
2500370029	34.410
9800920025	34.435
9200290093	34.460
8900910101	34.485
2900960088	34.510
2500490029	34.535
2900490030	34.560
2900490205	34.585
3900400040	34.610
2900390030	34.635
3900380029	34.660
3900290078	34.685
3900290030	34.710
2600310042	34.735
3400330032	34.760
3400440045	34.785
3400350035	34.810
29300270313	34.835
31202670293	34.860
3200430027	34.885
5300420044	34.910
3100440042	34.935
4400370033	34.960
4300370055	34.985
2901310030	35.010
13001830044	35.035
12801280129	35.060
3201490115	35.085
13201490049	35.110
13301430049	35.135
14200490192	35.160
13201500139	35.185
12900570197	35.210
4900430055	35.235
5500660099	35.260
5500550049	35.285
2500270044	35.310
5500250049	35.335
2500550033	35.360
5500490027	35.385
4400540027	35.410
4400550028	35.435
4400550049	35.460
4900430044	35.485
3000300102	35.510
5500980099	35.535
9800970138	35.560
4400410055	35.585
4800320041	35.610
5500320032	35.635
3301150049	35.660
4400330052	35.685
2900270058	35.710
5100290055	35.735
5900290110	35.760
2900510030	35.785
4400330029	35.810
4400290037	35.835
2600430054	35.860
2900550030	35.885
5500330029	35.910
3300430029	35.935
5500290054	35.960
3200580056	35.985
5500550029	36.010
2900300054	36.035
5500330043	36.060
3300560033	36.086
5500550029	36.111
5600430037	36.136
5500440029	36.161
5500290044	36.186
2600250055	36.211
5500300032	36.236
4400540032	36.261
3100310052	36.286
3300430055	36.311
3300440044	36.336
4400330032	36.361
4300320025	36.386
4500460033	36.411
4400550045	36.436
4300320044	36.461
4400420032	36.486
4500320046	36.511
4400430047	36.536
5400420025	36.561
4300420029	36.586
5400420064	36.611
5400320054	36.636
3400430029	36.661
5500340033	36.686
3200330029	36.711
3200290055	36.736
3200310043	36.761
3300550032	36.786
3100310041	36.811
2900310031	36.836
2900670078	36.861
2900380055	36.886
2900280027	36.911
3800550032	36.936
3900390029	36.961
3800390079	36.986
3900490059	37.011
3800480030	37.036
3900300030	37.061
3100410070	37.086
4000310038	37.111
2800370074	37.136
2800370038	37.161
2700360028	37.186
4400490025	37.211
2900440059	37.236
4900390044	37.261
4400290039	37.286
2900390044	37.311
4402160157	37.336
2700390029	37.361
5500290037	37.386
3900550038	37.411
2700250036	37.436
3900290137	37.461
2700440037	37.486
3600390028	37.511
2700290032	37.536
3900290073	37.561
2500430095	37.586
2900250035	37.611
2900370025	37.636
3700550125	37.661
2900370030	37.686
3700250055	37.711
3700330073	37.736
2900370033	37.761
3700290032	37.786
2900290055	37.811
4100250055	37.836
5400410030	37.861
2500490055	37.886
5600550044	37.911
4900450056	37.936
4400550054	37.961
4400410032	37.986
5500550025	38.011
5600550074	38.036
4900480083	38.061
8300540055	38.086
5500540044	38.111
5600440027	38.136
4400550043	38.161
4400280083	38.186
5600440049	38.211
5500550027	38.236
4300550056	38.261
5600550049	38.286
5400560088	38.311
5500490044	38.336
5500560056	38.361
5500330055	38.386
4300490027	38.411
4400540032	38.436
4400280083	38.461
5500490044	38.486
4400550055	38.511
3200490043	38.536
5500540028	38.561
5600550083	38.586
5500570044	38.611
5500540027	38.636
2800320049	38.661
5500440125	38.686
2500440025	38.711
2500300029	38.736
2500260029	38.761
2800270030	38.786
4402210256	38.811
4400310042	38.836
4400280033	38.861
4400270028	38.886
4400320025	38.911
2900440078	38.936
3000850030	38.961
3200430032	38.986
3100520043	39.011
3100410044	39.036
4500440032	39.061
4500330043	39.086
4200310044	39.111
3300440034	39.136
4300330032	39.161
3200420053	39.186
4500330032	39.211
4500340043	39.236
4100440045	39.261
4200310043	39.286
4400330046	39.311
3100320034	39.336
4300410052	39.361
3200420054	39.386
3300430043	39.411
4300320032	39.436
4300320034	39.461
3300340045	39.486
5500330025	39.512
5600290037	39.537
5600430037	39.562
5200400036	39.587
3600360048	39.612
3600480034	39.637
3600360048	39.662
4500330043	39.687
3200310044	39.712
8300420030	39.737
2900480025	39.762
3900490025	39.787
2900390049	39.812
2900390198	39.837
23902380240	39.862
2902410243	39.887
3900490029	39.912
2900580038	39.937
3900590078	39.962
2800270029	39.987
2800330036	40.012
2800260037	40.037
2800270027	40.062
2800380037	40.087
2900280037	40.112
2800280036	40.137
2900400031	40.162
4200860031	40.187
3200320042	40.212
4200440042	40.237
3300450043	40.262
4400430045	40.287
3200330042	40.312
4400340033	40.337
4300340033	40.362
3200430044	40.387
3300430045	40.412
3300330032	40.437
4300450033	40.462
3200430033	40.487
4300330032	40.512
3200550043	40.537
3300440032	40.562
4400330056	40.587
5500440033	40.612
2500250028	40.637
2500260031	40.662
2500250026	40.687
3000310030	40.712
2700330049	40.737
2700300032	40.762
3000320037	40.787
4103270314	40.812
4800440286	40.837
4400290033	40.862
2900440109	40.887
2501410122	40.912
11000320029	40.937
2700270030	40.962
4301020144	40.987
4400290027	41.012
4400510033	41.037
2900440055	41.062
2900510030	41.087
2900430055	41.112
2800290042	41.137
2900550037	41.162
5501170055	41.187
7300590037	41.212
2900550054	41.237
2900440088	41.262
5500550044	41.287
2900300051	41.312
5500540044	41.337
2800560043	41.362
5500550059	41.387
3200330059	41.412
5500300029	41.437
3300740057	41.462
2800280055	41.487
2900560030	41.512
3301940195	41.537
2800280027	41.562
3200420033	41.587
3100310030	41.612
3100420104	41.637
3200530043	41.662
4200320041	41.687
3100310032	41.712
3000440031	41.737
4400290027	41.762
4400260051	41.787
4400550036	41.812
4400550029	41.837
5600440056	41.862
5500440059	41.887
2900880059	41.912
5500330037	41.937
3300370043	41.962
2700270029	41.987
2900250028	42.012
2600290030	42.037
3200310032	42.062
2700550027	42.087
4401280033	42.112
4400370130	42.137
2900370044	42.162
5500440055	42.187
2900440030	42.212
3100310181	42.237
3700340036	42.262
3700490034	42.287
2500350025	42.312
2500250036	42.337
2900330025	42.362
2900250048	42.387
2900580030	42.412
4900290078	42.437
2900480028	42.462
4800250036	42.487
2900390079	42.512
3900290028	42.537
2900730059	42.562
2900390040	42.587
2900280028	42.612
2700390090	42.637
2500250029	42.662
2600250082	42.687
2700250083	42.712
2900360036	42.737
2800370029	42.762
3900270040	42.787
5500440026	42.812
5500560087	42.837
2900430058	42.862
2900550043	42.887
2900440055	42.912
4400300029	42.937
4400550044	42.963
4400290143	42.988
4400510029	43.013
4400430033	43.038
2900440051	43.063
4400290037	43.088
4400290037	43.113
2900440030	43.138
5600440033	43.163
4400550029	43.188
2900440030	43.213
2900430059	43.238
5500290055	43.263
2900330044	43.288
5500440029	43.313
4400290030	43.338
5500550029	43.363
5600370032	43.388
2900290055	43.413
5500370033	43.438
2900370033	43.463
5500370055	43.488
2900370032	43.513
5500370054	43.538
4400370029	43.563
4400290037	43.588
4400370033	43.613
3700440029	43.638
3700550029	43.663
3700320029	43.688
5500370055	43.713
3700330056	43.738
5500330037	43.763
3700290056	43.788
5500370055	43.813
3700550033	43.838
5600570073	43.863
2900540055	43.888
2900430043	43.913
5500730029	43.938
2900330030	43.963
3300550073	43.988
2900730059	44.013
2900590030	44.038
4400320058	44.063
2900540043	44.088
5500430029	44.113
4401170033	44.138
4400550029	44.163
2500440029	44.188
5500250044	44.213
2900280030	44.238
2800280055	44.263
2800370037	44.288
2800290040	44.313
3000490099	44.338
3000390038	44.363
2800290027	44.388
3000400029	44.413
2900300041	44.438
2800400038	44.463
3000270037	44.488
3000290040	44.513
3900300049	44.538
4900250028	44.563
3900590049	44.588
2500440039	44.613
2900440049	44.638
2900440027	44.663
2900290038	44.688
2900390028	44.713
2800280037	44.738
3700280064	44.763
3600450027	44.788
3500260062	44.813
4500630036	44.838
3900270029	44.863
5500390029	44.888
4900250039	44.913
2500330031	44.938
2500410032	44.963
4900320050	44.988
4000330032	45.013
2500490026	45.038
3300490025	45.063
3900310032	45.088
3200490073	45.113
5700330049	45.138
5500540041	45.163
4900560049	45.188
5500430099	45.213
4900440054	45.238
4400550099	45.263
4900550044	45.288
4400570041	45.313
4900550032	45.338
2700540066	45.363
3300550055	45.388
3300560057	45.413
3300540033	45.438
5500330054	45.463
2700330032	45.488
5500290055	45.513
3201130049	45.538
2500280027	45.563
2600270025	45.588
2600250055	45.613
2500490025	45.638
4900540032	45.663
2700270052	45.688
2600260025	45.713
2600340053	45.738
2600250027	45.763
2800270047	45.788
2700340025	45.813
2800270037	45.838
2800380027	45.863
3700280028	45.888
3700290026	45.913
3700270028	45.938
3600370028	45.963
2800370026	45.988
2800370055	46.013
2700370036	46.038
2600350036	46.063
2500350034	46.088
5500330034	46.113
3400320034	46.138
3400260055	46.163
2500310032	46.188
2900390025	46.213
5500320040	46.238
4400310030	46.263
2900280056	46.288
2900370030	46.313
2900360035	46.338
2800360025	46.363
3601180030	46.389
2900380058	46.414
2900440078	46.439
2900480058	46.464
3900780027	46.489
2900280039	46.514
2900290043	46.539
3900490059	46.564
3900590029	46.589
2900390049	46.614
3900290028	46.639
2900390078	46.664
3900290049	46.689
2900390028	46.714
3900290049	46.739
4400390058	46.764
3900780029	46.789
2900440040	46.814
3900400043	46.839
7800590043	46.864
3900590025	46.889
2900390058	46.914
2901310039	46.939
3901300038	46.964
2800250030	46.989
3900260025	47.014
2900280030	47.039
2800290030	47.064
2900380029	47.089
2900400048	47.114
2900390029	47.139
2800390038	47.164
2800370028	47.189
3000300041	47.214
2800410037	47.239
2800370029	47.264
3000380040	47.289
3900300028	47.314
3902590044	47.339
26002490252	47.364
3900250029	47.389
2900270025	47.414
2800270036	47.439
7300370037	47.464
2700390082	47.489
2900280036	47.514
2700270028	47.539
3900390044	47.564
4400290039	47.589
4400250039	47.614
4400290055	47.639
2900490044	47.664
4400550033	47.689
2600650060	47.714
2900290060	47.739
2900300025	47.764
3300280028	47.789
3300420033	47.814
3200310051	47.839
3100330025	47.864
2500260032	47.889
2600440025	47.914
3000440083	47.939
5500380043	47.964
5500440031	47.989
5500270025	48.014
4400280025	48.039
4400330055	48.064
4400430055	48.089
4900300027	48.114
5500320040	48.139
3300550040	48.164
3300490055	48.189
3300320025	48.214
2600410044	48.239
4800290044	48.264
3000340032	48.289
4300340028	48.314
2900370032	48.339
3000380044	48.364
4200280044	48.389
4400280042	48.414
4400290036	48.439
4400290051	48.464
2900440054	48.489
2900330026	48.514
2900550028	48.539
2900290031	48.564
5500290054	48.589
5700730058	48.614
5500290055	48.639
2900740043	48.664
5500540058	48.689
2900300030	48.714
5500290056	48.739
2900740028	48.764
5500290074	48.789
5700560029	48.814
5500570033	48.839
5500290037	48.864
5400370029	48.889
5500330044	48.914
2900560033	48.939
5500550043	48.964
5600560058	48.989
5500290054	49.014
2900740044	49.039
3300550056	49.064
5500540030	49.089
13103080176	49.114
18203080176	49.139
3601090396	49.164
13203080044	49.189
30801760132	49.214
4302640396	49.239
13200440049	49.264
3600490029	49.289
3900440043	49.314
4400580036	49.339
4400360039	49.364
5900440037	49.389
5800390029	49.414
2700550049	49.439
5500390044	49.464
5500270044	49.489
5500870268	49.514
8700550093	49.539
4900290055	49.564
11501530055	49.589
15301150044	49.614
7601150097	49.639
15300380115	49.664
7200430073	49.689
7300440131	49.714
4400290073	49.739
4400560066	49.764
3300440033	49.789
7400540033	49.815
3200490059	49.840
4900440051	49.865
4400490066	49.890
6600440032	49.915
3300250066	49.940
4900440049	49.965
5500440055	49.990
4900330043	50.015
3300560055	50.040
4900330083	50.065
5500270044	50.090
4900320044	50.115
5400280050	50.140
3300560055	50.165
15400430036	50.190
4400430066	50.215
4400660088	50.240
6601830177	50.265
2900590088	50.290
8801310044	50.315
2900880175	50.340
13100360182	50.365
13100490043	50.390
4401820049	50.415
4401310049	50.440
4300250029	50.465
4300430025	50.490
4401310051	50.515
4400440131	50.540
4301750043	50.565
4303060131	50.590
4401310306	50.615
17500440088	50.640
5800370132	50.665
5500370044	50.690
4400360059	50.715
4400360055	50.740
4401320038	50.765
15300440055	50.790
15301140192	50.815
15301910115	50.840
19101530096	50.865
14600320152	50.890
9601470167	50.915
14701610153	50.940
3201910031	50.965
3201530160	50.990
15300320055	51.015
4400550153	51.040
18200290055	51.065
14701830088	51.090
18301470055	51.115
14701830029	51.140
3601470182	51.165
2900580030	51.190
3600290127	51.215
2900280044	51.240
2900440030	51.265
4400660048	51.290
14700360182	51.315
2901470039	51.340
3901470183	51.365
4900390147	51.390
14700440029	51.415
3900440147	51.440
4401470078	51.465
3600390147	51.490
14700430039	51.515
3601470176	51.540
18301470146	51.565
2901470036	51.590
18201760182	51.615
26401830025	51.640
2900360146	51.665
18200490029	51.690
2900390036	51.715
18300490039	51.740
3601830039	51.765
2900490039	51.790
19101920076	51.815
19200380268	51.840
2900380077	51.865
2901910039	51.890
3802680192	51.915
2900380192	51.940
3900380153	51.965
4900390028	51.990
3800290048	52.015
3900490029	52.040
3800490029	52.065
2900390077	52.090
4900390071	52.115
3800390038	52.140
2901320036	52.165
13101760184	52.190
2700370088	52.215
3900730036	52.240
2700360183	52.265
3900880132	52.290
2901320027	52.315
4300550036	52.340
2900390183	52.365
13200290066	52.390
2900660056	52.415
8800550037	52.440
8800360154	52.465
6700250056	52.490
6700380053	52.515
3200570032	52.540
4400250137	52.565
3300440044	52.590
13600430032	52.615
9800820137	52.640
8100490097	52.665
3200590037	52.690
5500490059	52.715
3200540054	52.740
4400560055	52.765
5400440081	52.790
2700320065	52.815
3600730029	52.840
18300880049	52.865
2900320090	52.890
4400880049	52.915
2900440066	52.940
8800660029	52.965
3800370038	52.990
3800270115	53.015
3800270115	53.040
3600390055	53.065
3701830044	53.090
3601830183	53.115
2900360033	53.140
3701540029	53.165
4300290154	53.190
3600320176	53.215
2900440055	53.240
3700330176	53.266
2900360033	53.291
4300290147	53.316
2901470154	53.341
5500360044	53.366
4400330051	53.391
5500440033	53.416
4300330029	53.441
5500440029	53.466
4400290032	53.491
4400550058	53.516
5500440029	53.541
2900560043	53.566
5501540037	53.591
3600560154	53.616
5500290044	53.641
3600510154	53.666
5600290037	53.691
4900370029	53.716
5500370029	53.741
2900560037	53.766
5500550029	53.791
3700290044	53.816
2900300037	53.841
2900430147	53.866
2901470051	53.891
2900580030	53.916
2900280117	53.941
2900580030	53.966
2900300030	53.991
2900590044	54.016
2900300056	54.041
5500290037	54.066
3700560058	54.091
5500290037	54.116
2900330037	54.141
5500370033	54.166
3700290028	54.191
5500290043	54.216
2600270026	54.241
5500250031	54.266
3000310085	54.291
5502270309	54.316
2900320032	54.341
5500310025	54.366
5600560035	54.391
2900550048	54.416
2900280029	54.441
3200290055	54.466
3200320043	54.491
3300410043	54.516
3100320042	54.541
4300340078	54.566
3300320042	54.591
3100750075	54.616
4200770066	54.641
3300660042	54.666
4300660031	54.691
3300320034	54.716
4400550034	54.741
3200310031	54.766
3100420041	54.791
3200330043	54.816
2800250037	54.841
2800270029	54.866
3100310028	54.891
3200310028	54.916
3200430031	54.941
3200430031	54.966
3300430044	54.991
3300320033	55.016
3400410055	55.041
5500290056	55.066
2900550028	55.091
5500360058	55.116
2900560044	55.141
5600550033	55.166
5500540055	55.191
2900560031	55.216
2900280056	55.241
2900490058	55.266
2900980030	55.291
2900300058	55.316
2900480028	55.341
2900280049	55.366
2900490039	55.391
3100300030	55.416
4000760043	55.441
2900300034	55.466
4900340029	55.491
5000380076	55.516
3700360076	55.541
4800360061	55.566
2500380036	55.591
3800750026	55.616
3500490036	55.641
3700590050	55.666
2500250049	55.691
2500250036	55.716
3600480039	55.741
7400290039	55.766
2500490025	55.791
3900290044	55.816
2900250044	55.841
4900440059	55.866
2500370062	55.891
6100250049	55.916
3600610074	55.941
3600440037	55.966
2900300031	55.991
3200430066	56.016
3300560034	56.041
5600320032	56.066
3200430075	56.091
3200330076	56.116
3300880077	56.141
3300430033	56.166
3200330034	56.191
3400440044	56.216
3300310032	56.241
2900310031	56.266
4400280037	56.291
2800440044	56.316
4400500029	56.341
4400490043	56.366
4400250027	56.391
4400490025	56.416
4400440032	56.441
4400440025	56.466
3000300033	56.491
2700280026	56.516
2800280030	56.541
2900280030	56.566
2800280044	56.591
4400290033	56.616
4400510043	56.641
4400290028	56.666
4400290051	56.692
4400290032	56.717
4400290028	56.742
4400550056	56.767
4400540056	56.792
5500440029	56.817
4400290073	56.842
5500290044	56.867
4400290030	56.892
5500440029	56.917
4400270028	56.942
2900330055	56.967
5500330027	56.992
3000290057	57.017
5500320057	57.042
7300560057	57.067
5500250025	57.092
5600560029	57.117
5500330044	57.142
2900550088	57.167
3000280030	57.192
3000310028	57.217
4200310043	57.242
4400430053	57.267
4400430032	57.292
4200410043	57.317
4000280030	57.342
3700460036	57.367
5500550029	57.392
4400550033	57.417
5500590029	57.442
2900270056	57.467
5500290037	57.492
2900370030	57.517
5500370033	57.542
3700590033	57.567
5500290037	57.592
3701570054	57.617
5501590166	57.642
2901660153	57.667
5501590026	57.692
3600550054	57.717
3200330042	57.742
2900560064	57.767
2900290031	57.792
5500370056	57.817
2900560037	57.842
5502620037	57.867
4900290262	57.892
5500290049	57.917
2500250036	57.942
2500250049	57.967
13800250039	57.992
2500290049	58.017
12301240123	58.042
2900250124	58.067
2500290025	58.092
19601230029	58.117
2900490044	58.142
2501990039	58.167
2500290059	58.192
2500440198	58.217
12500440029	58.242
12400440029	58.267
4400390123	58.292
2500280044	58.317
2500290125	58.342
2500360027	58.367
3901480044	58.392
8600250035	58.417
25402310254	58.442
2702950289	58.467
4402600299	58.492
4400270028	58.517
2700360056	58.542
3200330035	58.567
4300550033	58.592
3100310042	58.617
3000550044	58.642
4400310040	58.667
5500290044	58.692
2900440081	58.717
5500440029	58.742
4400330029	58.767
4400550051	58.792
5500440029	58.817
4400560056	58.842
5500290055	58.867
5800430054	58.892
5500440029	58.917
2900440030	58.942
4400550058	58.967
4400290054	58.992
2900440030	59.017
5500580055	59.042
5500360043	59.067
2900560056	59.092
4400550054	59.117
4400550029	59.142
5800550029	59.167
5500550059	59.192
2900590056	59.217
5500330058	59.242
3300560029	59.267
5500290055	59.292
5800290117	59.317
5500290051	59.342
2900890081	59.367
5500510033	59.392
5600330045	59.417
5500290030	59.442
5500290032	59.467
5500290037	59.492
2900550056	59.517
2900560054	59.542
5500290059	59.567
3300290037	59.592
5500290033	59.617
2900370030	59.642
5500370026	59.667
2900370055	59.692
2500270026	59.717
2800250025	59.742
2800270028	59.767
3700560055	59.792
5500370029	59.817
3700290056	59.842
5500370033	59.867
3300290043	59.892
5500880054	59.917
8400820081	59.942
5500300031	59.967
4300310082	59.992
3200430052	60.017
4200530033	60.042
4300760055	60.067
7600320075	60.092
5300430074	60.118
4300740074	60.143
4300660066	60.168
6500320043	60.193
5400530064	60.218
4300320054	60.243
4400550054	60.268
3300440054	60.293
4400320029	60.318
5500550059	60.343
3000310041	60.368
3300440034	60.393
3400450034	60.418
3300430031	60.443
3200330042	60.468
3200270028	60.493
3300440054	60.518
5600440126	60.543
2601240127	60.568
19201920026	60.593
2501910037	60.618
2500260044	60.643
8200550037	60.668
2900810093	60.693
2900270025	60.718
2900770081	60.743
2900390048	60.768
3901880207	60.793
3902050223	60.818
3900290208	60.843
3900290044	60.868
2900580030	60.893
3900290049	60.918
3900290025	60.943
3900500038	60.968
4900290039	60.993
3900250025	61.018
3900490049	61.043
3900290044	61.068
5100390044	61.093
3900290036	61.118
2900250039	61.143
3900440033	61.168
4600260025	61.193
3400450033	61.218
3400340046	61.243
3500360047	61.268
2900440073	61.293
4400550049	61.318
3300340044	61.343
3400320033	61.368
3400320042	61.393
5300310044	61.418
3400450044	61.443
3400450033	61.468
3200310043	61.493
3200430033	61.518
3100310053	61.543
3100440030	61.568
4400290049	61.593
5500440083	61.618
5500320049	61.643
2800830056	61.668
5500560056	61.693
2700330026	61.718
3800290055	61.743
3700270036	61.768
3600260025	61.793
3300320041	61.818
3000280031	61.843
4900380030	61.868
5500260040	61.893
3200490048	61.918
4900550029	61.943
4400330033	61.968
3000320033	61.993
3300310031	62.018
2800300031	62.043
2700250032	62.068
2800280029	62.093
2700890033	62.118
2900330043	62.143
5100290027	62.168
2900430032	62.193
2900510030	62.218
3300300044	62.243
5500560033	62.268
4300540043	62.293
5500440029	62.318
4400580032	62.343
4400550029	62.368
2900330044	62.393
2900430033	62.418
2900550028	62.443
2900440032	62.468
2900440059	62.493
5600290055	62.518
2900330028	62.543
2900550030	62.568
2900270035	62.593
5600550026	62.618
2900550043	62.643
5500290054	62.668
5300310042	62.693
3200540033	62.718
4300440044	62.743
4400320033	62.768
4300430042	62.793
4300450044	62.818
4300430029	62.843
4200290031	62.868
4100300031	62.893
3000390030	62.918
2700270054	62.943
5500330044	62.968
2900330044	62.993
5500430032	63.018
4400320032	63.043
5500440029	63.068
4400330058	63.093
4400290055	63.118
4400320122	63.143
4300540032	63.168
4300550029	63.193
2900330038	63.218
4400330054	63.243
4400260074	63.268
5501240030	63.293
18001510173	63.318
18001180143	63.343
5500380115	63.368
2900290030	63.393
5500290039	63.418
3000890040	63.443
3000400025	63.468
2900280048	63.493
7600780029	63.518
2900780079	63.543
2800740029	63.569
3700750074	63.594
2900290039	63.619
3900290038	63.644
2900250027	63.669
3900440073	63.694
4900290044	63.719
3900290044	63.744
3900440074	63.769
4900440181	63.794
4400270029	63.819
4400290030	63.844
4900290027	63.869
4300320029	63.894
2700490055	63.919
2900430034	63.944
3900290043	63.969
4900270044	63.994
2900280033	64.019
3700300037	64.044
3000370077	64.069
3800490030	64.094
3500490041	64.119
4300250035	64.144
3300310055	64.169
4400490032	64.194
3200490032	64.219
4900570041	64.244
2500570049	64.269
3200490049	64.294
5500430083	64.319
4900440055	64.344
5500440033	64.369
3300490044	64.394
5500330055	64.419
4900550083	64.444
5500330025	64.469
3300490028	64.494
3300550027	64.519
5500560044	64.544
3200280044	64.569
5500490044	64.594
3300320048	64.619
5500330049	64.644
4400330083	64.669
5500440049	64.694
4400320066	64.719
4900320028	64.744
5501150083	64.769
4900340049	64.794
3200560054	64.819
4900550044	64.844
5500870074	64.869
4900550032	64.894
3200540043	64.919
4900440055	64.944
4400550033	64.969
5600550044	64.994
4300830041	65.019
5500320054	65.044
5500320028	65.069
4900560044	65.094
14300550143	65.119
2500250141	65.144
3100310141	65.169
3100320030	65.194
3100300031	65.219
4400320033	65.244
3300490044	65.269
4400330055	65.294
3200440045	65.319
2900540066	65.344
4300420081	65.369
4900830082	65.394
3500330079	65.419
3900380030	65.444
3000380040	65.469
4000300042	65.494
3200420043	65.519
4300320075	65.544
4300320075	65.569
4300440033	65.594
4400310054	65.619
3200420044	65.644
4300320064	65.669
3200650032	65.694
6500430053	65.719
3200430055	65.744
4300330043	65.769
2900420055	65.794
2800270035	65.819
2800310033	65.844
3100300031	65.869
3200310031	65.894
3200430033	65.919
4400330034	65.944
3400330034	65.969
4400560029	65.994
4400370058	66.019
5500290030	66.044
3500970036	66.069
3600360025	66.094
3600340025	66.119
3500330036	66.144
3900780058	66.169
2900780028	66.194
2900780058	66.219
2900480314	66.244
27100290272	66.269
28803130270	66.294
2900490028	66.319
3900480098	66.344
4900590029	66.369
2900490058	66.394
2900390039	66.419
3900290038	66.444
2900310026	66.469
3200350026	66.494
2700250035	66.519
2500350034	66.544
8500270047	66.569
3500360047	66.594
2700550039	66.619
3600440044	66.644
2900390213	66.669
2900280026	66.694
3300280029	66.719
3300450034	66.744
3300450044	66.769
3300440111	66.794
3300490127	66.819
4900570033	66.844
3200490115	66.869
4900570036	66.894
4101150073	66.919
3200410057	66.944
3300400025	66.969
5000820033	66.995
4900550099	67.020
5500430099	67.045
5500490028	67.070
4400330028	67.095
5500330044	67.120
2800290033	67.145
2600270029	67.170
2500250077	67.195
4900270049	67.220
3200550029	67.245
4900440033	67.270
4400330032	67.295
4900550025	67.320
3200290048	67.345
3300430029	67.370
3700510044	67.395
3600360041	67.420
3400280034	67.445
4300320051	67.470
2900580112	67.495
2900440028	67.520
2900330044	67.545
2900300055	67.570
2900280043	67.595
3200550029	67.620
5100290030	67.645
5600430029	67.670
5500440029	67.695
2900550073	67.720
5500330029	67.745
2900540028	67.770
5500290043	67.795
2900550044	67.820
5500290054	67.845
4300330029	67.870
2900300033	67.895
5500280025	67.920
2500280028	67.945
5500270026	67.970
3300440030	67.995
3300540029	68.020
5500430058	68.045
2900430037	68.070
4401000165	68.095
5500440125	68.120
4400290033	68.145
5500320128	68.170
5100310073	68.195
5500290027	68.220
5100550036	68.245
5500440033	68.270
4400540029	68.295
5500280056	68.320
2900320043	68.345
2900550030	68.370
2900300031	68.395
3200550030	68.420
3400370034	68.445
3300430034	68.470
3200310029	68.495
5500300037	68.520
3700370044	68.545
5500540037	68.570
4300320029	68.595
5501260029	68.620
2901240030	68.645
5601350127	68.670
5500370124	68.695
2901240055	68.720
2501850136	68.745
18401230055	68.770
2901230044	68.795
4400250118	68.820
2801180028	68.845
2900280049	68.870
2900480028	68.895
2900280028	68.920
2900820030	68.945
2500300030	68.970
2900390039	68.995
3900590044	69.020
2500250029	69.045
3700360039	69.070
3400400032	69.095
4600810035	69.120
3200450044	69.145
4500450044	69.170
3400460032	69.195
3100450046	69.220
3100320034	69.245
3100310032	69.270
2900390029	69.295
2700330029	69.320
2900330038	69.345
5600560043	69.370
5500280037	69.395
2900430028	69.420
2900450037	69.445
5100450073	69.470
2900270081	69.495
5500510029	69.520
4400430054	69.545
5500440051	69.570
4400290056	69.595
4400430027	69.620
5500440058	69.645
5600290044	69.670
5500370088	69.695
3700290058	69.720
5500370033	69.745
3700740088	69.770
5500370044	69.795
4400370029	69.820
2900370056	69.845
5500550029	69.870
2900590056	69.895
5500580088	69.920
4400880055	69.945
2900550044	69.970
5500590029	69.995
4300290088	70.020
2900550055	70.045
2900550088	70.070
5500540051	70.095
2900300050	70.120
4300550029	70.145
5100290054	70.170
2900580074	70.195
5500440055	70.220
2900440044	70.245
5500430029	70.270
5100740052	70.295
5600570056	70.320
5500290033	70.345
5900290074	70.370
5500740044	70.395
2900300032	70.421
5500290074	70.446
4300290033	70.471
5500290033	70.496
2900510028	70.521
2900440055	70.546
5500290032	70.571
2900440054	70.596
5500330029	70.621
2500560025	70.646
2900260054	70.671
5500260032	70.696
2600740027	70.721
3000550040	70.746
2700290037	70.771
3600300030	70.796
2900390029	70.821
2800280029	70.846
2800290027	70.871
3000280039	70.896
2900300038	70.921
3900280029	70.946
3000400039	70.971
2900400039	70.996
3900280037	71.021
2900300049	71.046
3000400027	71.071
4900740039	71.096
2900740270	71.121
2700390074	71.146
2900390048	71.171
2800550027	71.196
3700270026	71.221
2700450053	71.246
4400710035	71.271
5300260071	71.296
3500440071	71.321
4200270042	71.346
2900440027	71.371
3300380037	71.396
2500330042	71.421
2500320032	71.446
3300400026	71.471
3300330032	71.496
2500340026	71.521
2600340031	71.546
2500310030	71.571
3000370029	71.596
3300250057	71.621
3300320048	71.646
5500490043	71.671
5400320028	71.696
5500490044	71.721
8300440027	71.746
5500490032	71.771
3300540028	71.796
5500330049	71.821
3200550083	71.846
5500440043	71.871
4400330028	71.896
4400550033	71.921
4400330043	71.946
5500330027	71.971
2700490041	71.996
5501420044	72.021
2500320057	72.046
2700480054	72.071
4400290032	72.096
4900330025	72.121
4300330025	72.146
2500520043	72.171
2600540034	72.196
3500270055	72.221
3600450053	72.246
3600280037	72.271
2700380047	72.296
2800380036	72.321
2900270038	72.346
2700340028	72.371
2800260055	72.396
2800280044	72.421
3500550026	72.446
2700280037	72.471
2700270055	72.496
2700360035	72.521
2700260044	72.546
2500340033	72.571
3200330031	72.596
5500320037	72.621
3700310088	72.646
5500370031	72.671
5600570055	72.696
2900300043	72.721
5500260037	72.746
2900290027	72.771
3000370030	72.796
2900290044	72.821
3000370044	72.846
3000290044	72.871
2800290027	72.896
2800280029	72.921
2900340049	72.946
4400390048	72.971
3900440029	72.996
4900390044	73.021
3900250029	73.046
4900290039	73.071
2900390044	73.096
4400490073	73.121
4900390044	73.146
2900440025	73.171
3900440058	73.196
4400290051	73.221
2900390044	73.246
4400250039	73.271
4000780039	73.296
3900400051	73.321
7801380029	73.346
3900380029	73.371
3900490029	73.396
2901410123	73.421
2700280029	73.446
2800360037	73.471
2700280038	73.496
3800950028	73.521
3800480096	73.546
2800290030	73.571
3900980049	73.596
4000290038	73.621
3700270039	73.646
3100280037	73.671
4000310050	73.696
2900290038	73.721
2900380037	73.746
2900480059	73.771
3900290039	73.796
4902470254	73.821
2902540274	73.846
7400280257	73.872
2800490075	73.897
2800290083	73.922
2600450027	73.947
2700280028	73.972
2800290046	73.997
2700260035	74.022
3300330025	74.047
3900330029	74.072
3900580029	74.097
2900490057	74.122
3700490029	74.147
4900370029	74.172
3100290031	74.197
3300330032	74.222
3300310032	74.247
3200460032	74.272
3000320025	74.297
3400340025	74.322
2600310034	74.347
3200410032	74.372
4100500044	74.397
5500830032	74.422
5500560043	74.447
5500550049	74.472
5600540049	74.497
5500330055	74.522
3300410049	74.547
3300490033	74.572
3300310124	74.597
2500490031	74.622
3300340043	74.647
4900260033	74.672
3200250032	74.697
2500260033	74.722
3100550025	74.747
4800290043	74.772
2500280041	74.797
2700250029	74.822
3000260029	74.847
3000440030	74.872
4400550042	74.897
4400370043	74.922
2900550044	74.947
2900280042	74.972
5500370027	74.997
3300270051	75.022
3600260033	75.047
3000740086	75.072
5600290058	75.097
4400270027	75.122
4400290059	75.147
4400550029	75.172
5400290044	75.197
5500290044	75.222
4400880031	75.247
5500290054	75.272
13200580088	75.297
5500550033	75.322
5801470044	75.347
4400290308	75.372
5800440055	75.397
4400250032	75.422
5800490029	75.447
5900990206	75.472
22000290132	75.497
4900440292	75.522
5801750044	75.547
5802930049	75.572
15201910048	75.597
19101530049	75.622
15201910114	75.647
14601530190	75.672
15301140159	75.697
19101920344	75.722
11501470193	75.747
7700390049	75.772
7701530039	75.797
3900960049	75.822
11500700230	75.847
8703070071	75.872
7700390049	75.897
11500770087	75.922
13200880055	75.947
5801320088	75.972
13200740054	75.997
13200490029	76.022
5500390132	76.047
2700440132	76.072
13200390176	76.097
2700390088	76.122
2900390073	76.147
5800390088	76.172
6600730055	76.197
7300490132	76.222
5900880037	76.247
5900490066	76.272
6500760080	76.297
7000810055	76.322
5900700038	76.347
4400490055	76.372
4400490027	76.397
4400330055	76.422
4400550038	76.447
3200490055	76.472
5600440028	76.497
5500830044	76.522
4400320027	76.547
5500440033	76.572
3300440066	76.597
5500330044	76.622
2700440033	76.647
5500500055	76.672
4900440032	76.697
3300270082	76.722
4900330054	76.747
3200770027	76.772
4901530027	76.797
5900270070	76.822
3800710076	76.847
5500590064	76.872
2700360066	76.897
4900290044	76.922
3600440033	76.947
3300490029	76.972
3600290027	76.997
5101830031	77.022
4300360183	77.047
5100320029	77.072
4401310033	77.097
4400360029	77.122
4401820131	77.147
3601820029	77.172
4300430056	77.197
18202550055	77.222
4400550029	77.247
18202190044	77.272
3700290183	77.298
19101910229	77.323
19200380230	77.348
19100640161	77.373
16100320167	77.398
3201610055	77.423
2901930225	77.448
5500320193	77.473
19301610064	77.498
5501610032	77.523
3201610056	77.548
5500290065	77.573
2900550175	77.598
8801760049	77.623
2900880030	77.648
17600880088	77.673
2901470089	77.698
2900490147	77.723
14700370383	77.748
2900250147	77.773
4901470036	77.798
2900290206	77.823
14700290025	77.848
4900250206	77.873
2900590206	77.898
5901470049	77.923
4900290044	77.948
3900440037	77.973
4400790049	77.998
4400390058	78.023
2900440147	78.048
4900730025	78.073
2900300040	78.098
3902060036	78.123
32401470078	78.148
3900290040	78.173
20600490039	78.198
2900390039	78.223
4900390025	78.248
2900390182	78.273
3900290153	78.298
15400760192	78.323
19201540193	78.348
7700290038	78.373
7700290269	78.398
7700380029	78.423
23001920029	78.448
3901920076	78.473
23000380039	78.498
7701920193	78.523
19200770230	78.548
7701150049	78.573
7700290154	78.598
4901540077	78.623
7701540039	78.648
8801940077	78.673
4900390088	78.698
7301830055	78.723
13101750073	78.748
2900360066	78.773
4400390088	78.798
2900440037	78.823
3900330044	78.848
2700360088	78.873
7300390118	78.898
2900270078	78.923
3900300025	78.948
3802300054	78.973
3300540065	78.998
4900380054	79.023
3200270029	79.048
4900380048	79.073
3300650115	79.098
4300320054	79.123
3300320025	79.148
3300440033	79.173
3300490044	79.198
3200540032	79.223
5500480057	79.248
3300540049	79.273
5501910044	79.298
4900560082	79.323
5500830038	79.348
4900440028	79.373
5500540038	79.398
4900440032	79.423
5500720036	79.448
13200590029	79.473
7301320088	79.498
2901320055	79.523
6600880056	79.548
6600540029	79.573
6602060028	79.598
5800730056	79.623
3300270067	79.648
3300270066	79.673
5400640044	79.698
4400540059	79.723
6400650043	79.748
4900540161	79.773
5800590065	79.798
5900660088	79.823
4400590066	79.848
4400660043	79.873
4400290088	79.898
6600580027	79.923
6600290059	79.948
6600590176	79.973
20500580044	79.998
7300440066	80.023
17601980059	80.048
5800660036	80.073
20500660242	80.098
4401760198	80.123
4401760055	80.148
4400660055	80.173
17600660044	80.198
17600440058	80.223
5502050088	80.248
19800590066	80.273
17600550220	80.298
5500580074	80.323
5902050198	80.348
5500540066	80.373
6600580176	80.398
5501760044	80.423
4401760059	80.448
5501760055	80.473
2900880066	80.498
3701760198	80.523
3700290066	80.548
17600370066	80.573
5500880058	80.598
2901760088	80.623
5600730066	80.648
5500290088	80.673
5600660043	80.698
5500290088	80.724
4400290037	80.749
5500540053	80.774
2900560059	80.799
5600560055	80.824
2900550044	80.849
5500440037	80.874
5500560037	80.899
2900370056	80.924
5500370033	80.949
3700550033	80.974
2900550037	80.999
3700440054	81.024
3700290074	81.049
2900370055	81.074
6600370059	81.099
5500370054	81.124
2900370058	81.149
5500370055	81.174
3700590029	81.199
5500290037	81.224
3700330029	81.249
5500370055	81.274
2900370055	81.299
3700550044	81.324
3700440054	81.349
2900370044	81.374
5500550037	81.399
2900370033	81.424
5500540033	81.449
4400290037	81.474
2900550044	81.499
4400560059	81.524
5500440054	81.549
2900300033	81.574
5500290033	81.599
2900550074	81.624
5500290074	81.649
2900540074	81.674
2900590030	81.699
5500550033	81.724
3300560029	81.749
2900550033	81.774
5400270029	81.799
5500320025	81.824
2900550030	81.849
2900440028	81.874
2900540033	81.899
3300290180	81.924
5500550029	81.949
2900300032	81.974
5500440207	81.999
2900750028	82.024
2900550030	82.049
3300550029	82.074
5500810132	82.099
2900310030	82.124
2900550028	82.149
2900740037	82.174
5600250044	82.199
2900250028	82.224
2900330114	82.249
11401340157	82.274
2800380132	82.299
2900550042	82.324
7501730029	82.349
5500260075	82.374
2900820056	82.399
3300810064	82.424
6600700036	82.449
6900550055	82.474
5500860095	82.499
3600550055	82.524
2800570033	82.549
5500690031	82.574
3800700055	82.599
3600250042	82.624
4000510041	82.649
2500510040	82.674
2700550040	82.699
5500280044	82.724
4000270046	82.749
4000310033	82.774
2500650028	82.799
4400470038	82.824
4000400036	82.849
2800310027	82.874
2700280027	82.899
2700280028	82.924
2700270033	82.949
2600320027	82.974
2700320028	82.999
4000330028	83.024
2700320030	83.049
3100290061	83.074
4000270060	83.099
3200350048	83.124
3000460039	83.149
2800480040	83.174
4400270040	83.199
4400700031	83.224
3400320027	83.249
3200730026	83.274
3200460051	83.299
3700410045	83.324
2700330039	83.349
3100360058	83.374
49500260027	83.399
3204930046	83.424
54905010548	83.449
51905260538	83.474
51905360537	83.499
48005410546	83.524
52905330530	83.549
53605420524	83.574
48405400480	83.599
50704700452	83.624
50305500510	83.649
51505380514	83.674
50905220446	83.699
51704540543	83.724
48804230541	83.749
53205330536	83.774
46305120518	83.799
47305440453	83.824
54305510427	83.849
53105140494	83.874
51205340547	83.899
45105300478	83.924
46505190546	83.949
55005190533	83.974
52004890524	83.999
47204870539	84.024
46705360506	84.049
53005310462	84.074
50505290539	84.099
53505450528	84.124
49405030492	84.149
49405100482	84.175
54705120506	84.200
54404980517	84.225
53404830534	84.250
52104920488	84.275
46804890494	84.300
52805200483	84.325
48705210524	84.350
50004940454	84.375
52505070541	84.400
52405250485	84.425
48405510522	84.450
50305390471	84.475
54904810531	84.500
51005340528	84.525
48805450540	84.550
51804820539	84.575
53505420532	84.600
47705270483	84.625
52005370459	84.650
53004510533	84.675
50205310475	84.700
49105100468	84.725
49004860529	84.750
47804840504	84.775
54905460529	84.800
52105240505	84.825
48405000485	84.850
52105320498	84.875
46605460516	84.900
52504700532	84.925
54505240520	84.950
50505080500	84.975
44505020495	85.000
54705420515	85.025
53305130446	85.050
48504690541	85.075
54605120417	85.100
49505390530	85.125
52105470499	85.150
52705440515	85.175
50405120541	85.200
53805350518	85.225
51005490529	85.250
49904970526	85.275
54205400446	85.300
53804650533	85.325
41303960479	85.350
53405080510	85.375
49805460476	85.400
49904700545	85.425
53105440472	85.450
49505100523	85.475
54605480536	85.500
