55005360544	0.000
54005330448	0.025
49805430514	0.050
53605300511	0.075
52805370489	0.100
54705000470	0.125
53005060528	0.150
49705000527	0.175
49004870503	0.200
53305070469	0.225
49805450507	0.250
51205360507	0.275
55105060516	0.300
54205480517	0.325
54805500461	0.350
52405120512	0.375
52504820522	0.400
53805290480	0.425
49905330521	0.450
54505410498	0.475
49905000521	0.500
53505120474	0.525
52705450526	0.550
54804620526	0.575
50104690499	0.600
48304910426	0.625
47504940493	0.650
42105130510	0.675
49005340435	0.700
53005370476	0.725
49705500522	0.750
52305510540	0.775
50905450524	0.800
52304960488	0.825
55005000502	0.850
54105050532	0.875
49005070448	0.900
51005410501	0.925
44805110432	0.950
53304980530	0.975
53504630537	1.000
48405000465	1.025
52004800542	1.050
43505440494	1.075
4400440059	1.100
5900370056	1.125
4400250029	1.150
2500330056	1.175
4400330059	1.200
4300300108	1.225
4300320065	1.250
4400660044	1.275
4400660029	1.300
4400660055	1.325
4400660044	1.350
4400550098	1.375
4300770087	1.400
5500430077	1.425
2500290033	1.450
3300440055	1.475
6600330026	1.500
5400250032	1.525
3300770037	1.550
4400330037	1.575
3300550055	1.600
3300540055	1.625
5500330043	1.650
4400450046	1.675
4600440088	1.700
2900580046	1.725
7200570087	1.750
4300580088	1.775
4400290088	1.800
2900740025	1.825
2900880119	1.850
11800430148	1.875
14800440025	1.900
4400450148	1.925
2900260103	1.950
4400290046	1.975
2900290025	2.000
7300430029	2.025
5900300089	2.051
4400440029	2.076
4400290055	2.101
4400290037	2.126
3700440059	2.151
3700440045	2.176
4400440090	2.201
4400880029	2.226
4400430089	2.251
4400440104	2.276
4500300074	2.301
4400450030	2.326
4500440046	2.351
4400440029	2.376
4400370044	2.401
3700320045	2.426
4400480033	2.451
3300440048	2.476
3300320048	2.501
3300490115	2.526
3300330049	2.551
4900500059	2.576
5000660033	2.601
3300500049	2.626
4900500033	2.651
5000320054	2.676
3700320044	2.701
3701100128	2.726
7301100036	2.751
7401480037	2.776
7401480036	2.801
5700330129	2.826
5500360029	2.851
7400370092	2.876
5500440029	2.901
7300370110	2.926
5500560049	2.951
9200360056	2.976
3700290038	3.001
9300560037	3.026
3700290036	3.051
3700360055	3.076
3700370038	3.101
3700740033	3.126
3800360037	3.151
3700380073	3.176
7400560044	3.201
3600740028	3.226
4300440074	3.251
4400370030	3.276
4400360088	3.301
4400370059	3.326
4400370029	3.351
3700880045	3.376
4400370029	3.401
4400430029	3.426
8800590059	3.451
4400290045	3.476
4400740030	3.501
4400880073	3.526
5900440029	3.551
5900440030	3.576
4400740037	3.601
2900440037	3.626
4400370073	3.651
2900440037	3.676
2900730043	3.701
3000440033	3.726
2900440045	3.751
4300640045	3.776
6600440088	3.801
8800660044	3.826
4400660043	3.851
6600440043	3.876
8801100045	3.901
6600440045	3.926
11000440066	3.951
8900660177	3.976
4400890043	4.001
4400430049	4.026
4400880066	4.051
6601110088	4.076
8801100132	4.101
8801100045	4.126
8800880110	4.151
11100670044	4.176
8900450043	4.201
4400440067	4.226
4401110066	4.251
4400440066	4.276
4401100067	4.301
4400430090	4.326
6600880089	4.351
4400890111	4.376
6700430045	4.401
8900450088	4.426
4400660045	4.451
4501100045	4.476
6601100065	4.501
4400660043	4.526
6600430033	4.551
11100440032	4.576
6601110065	4.601
8800410043	4.626
6701110089	4.651
4400660066	4.676
4500290045	4.701
4400440067	4.726
4400430043	4.751
4400430037	4.776
4401760029	4.801
5601370045	4.826
4400390038	4.851
3700750040	4.876
3700440040	4.901
4400370044	4.926
4400370116	4.951
3900400039	4.976
3800360044	5.001
9300560038	5.026
4400370148	5.051
3701300111	5.076
3700740044	5.101
3701300057	5.126
3700380075	5.151
3600440045	5.176
7401120186	5.201
11100370055	5.226
3700740044	5.251
3700740112	5.276
3701120075	5.301
3700370150	5.326
3800560044	5.351
5500360036	5.376
3700560036	5.401
5600380038	5.426
5500440037	5.451
3800370044	5.476
3700560058	5.501
4300370036	5.526
3700920110	5.551
5500360092	5.576
3701670033	5.601
5600360130	5.626
5600730094	5.651
3700370029	5.676
3700380028	5.701
3700360029	5.726
5600560037	5.751
7700580073	5.776
3801360078	5.801
5900380196	5.826
3700980058	5.851
9901970158	5.876
3700980059	5.901
7800390037	5.926
7900780098	5.951
7800390059	5.976
7700400058	6.001
3900390040	6.026
3900780060	6.051
3800390098	6.076
5901970079	6.102
3900590079	6.127
7900780078	6.152
7900370037	6.177
2900590038	6.202
3900380038	6.227
3700580079	6.252
6600390087	6.277
4300430042	6.302
6500430087	6.327
6700590088	6.352
4400390067	6.377
3900650044	6.402
4400390039	6.427
4400430038	6.452
3900440059	6.477
4401360040	6.502
3900440137	6.527
3900780044	6.552
5800390098	6.577
9800790043	6.602
3900400080	6.627
6000390098	6.652
3900390059	6.677
3900590038	6.702
5600580059	6.727
3600550111	6.752
11101110092	6.777
3701300092	6.802
11200370056	6.827
3700560056	6.852
3700290036	6.877
3700730029	6.902
3900440055	6.927
4400590074	6.952
5900780136	6.977
3901370058	7.002
5900390079	7.027
5900390177	7.052
5900790040	7.077
3900590059	7.102
5900360099	7.127
7900360117	7.152
3900590044	7.177
3700460037	7.202
4400880046	7.227
4400650088	7.252
4400660088	7.277
4300880087	7.302
4400890110	7.327
6600880039	7.352
6600440065	7.377
4400660110	7.402
4400660088	7.427
6600880044	7.452
4400660066	7.477
6700900037	7.502
4400670037	7.527
3700450088	7.552
4400660111	7.577
4500660049	7.602
6600880062	7.627
3900660040	7.652
6600440043	7.677
4400290048	7.702
6500490033	7.727
6600990032	7.752
4900320045	7.777
4400330066	7.802
3300330049	7.827
3200440066	7.852
4400490055	7.877
6900820033	7.902
4900440039	7.927
2900440057	7.952
4400290058	7.977
4400290058	8.002
4400580088	8.027
3300720030	8.052
4400250029	8.077
3000250049	8.102
3000440027	8.127
3000440044	8.152
4400810055	8.177
4800440081	8.202
3200650044	8.227
9900490065	8.252
3300320056	8.277
3300440049	8.302
3300440049	8.327
3300290049	8.352
3200830046	8.377
2700320055	8.402
3600550049	8.427
12900490111	8.452
3700740044	8.477
3700440048	8.502
3700440058	8.527
5600440037	8.552
5600550049	8.577
5600370066	8.602
4900320055	8.627
4900410028	8.652
3200800130	8.677
6500330044	8.702
4900660033	8.727
4900490048	8.752
6600500032	8.777
3300490070	8.802
3300490042	8.827
4900490032	8.852
3200320027	8.877
3200500037	8.902
3300440056	8.927
3300490032	8.952
3300430049	8.977
4800330037	9.002
3600440032	9.027
3700320049	9.052
3700490033	9.077
3300490037	9.102
4900490037	9.127
3700320044	9.152
4800440056	9.177
2900450049	9.202
3200660045	9.227
4300650054	9.252
6600760055	9.277
5500660110	9.302
6600330029	9.327
6600330044	9.352
6600330032	9.377
4400770066	9.402
4400440045	9.427
4400440076	9.452
4300660055	9.477
7700660049	9.502
6600770043	9.527
3200320029	9.552
4300650110	9.577
4900290044	9.602
4400320049	9.627
4400500033	9.652
5500660025	9.677
5700580042	9.702
4300290057	9.727
4300290058	9.752
7300590074	9.777
4400430118	9.802
4400290059	9.827
4400440043	9.852
2901480118	9.877
4400730043	9.902
8700580072	9.927
2900570116	9.952
4300440074	9.977
4400740033	10.002
4400740058	10.027
4400460029	10.052
3000590088	10.077
2900330058	10.102
2900430033	10.127
3700440059	10.153
3700430045	10.178
4400440089	10.203
4400580072	10.228
4400450043	10.253
4400300074	10.278
4400440030	10.303
2900450028	10.328
4400430037	10.353
4400300089	10.378
2900430033	10.403
3300550066	10.428
4900440037	10.453
3201150066	10.478
6601480044	10.503
6601150029	10.528
4900660033	10.553
2900830066	10.578
4400490029	10.603
4000440059	10.628
4900380032	10.653
5600490038	10.678
3300550073	10.703
5500330074	10.728
5500550110	10.753
16702040049	10.778
7400370055	10.803
3702030056	10.828
5501110059	10.853
7301470049	10.878
5501100037	10.903
11100370029	10.928
3700550055	10.953
3700360055	10.978
3700290111	11.003
3700560044	11.028
2900550036	11.053
7400560037	11.078
2900440036	11.103
3700490044	11.128
3700290056	11.153
3700580044	11.178
2900440043	11.203
5700720086	11.228
2900730058	11.253
4400430073	11.278
4400370162	11.303
4300880074	11.328
4400450037	11.353
4400590088	11.378
2900730059	11.403
5800430102	11.428
5900880058	11.453
5900440029	11.478
5900430044	11.503
4400590037	11.528
4500440029	11.553
4400370043	11.578
3700300056	11.603
2900360059	11.628
4400370088	11.653
5900290073	11.678
4500650059	11.703
4400660059	11.728
4400430088	11.753
4400660088	11.778
4401110089	11.803
4500890045	11.828
11100440067	11.853
6700440033	11.878
3300290133	11.903
4401110033	11.928
3300670045	11.953
4401110067	11.978
6600450044	12.003
4401100043	12.028
11100880066	12.053
4401110089	12.078
11100670045	12.103
4500670089	12.128
4400440067	12.153
8900660111	12.178
4400660089	12.203
6601100067	12.228
6600450045	12.253
4401100066	12.278
4400670043	12.303
4500440067	12.328
4500440067	12.353
4400660045	12.378
6601100045	12.403
4400440066	12.428
4400430089	12.453
6600890056	12.478
4400890043	12.503
6700410045	12.528
4500890033	12.553
4400330028	12.578
4400450028	12.603
4500660066	12.628
4400280033	12.653
5900400060	12.678
4001780044	12.703
4400390178	12.728
7900390029	12.753
3700440056	12.778
3701120037	12.803
3801120044	12.828
3900380067	12.853
11600440059	12.878
3901160045	12.903
3700440112	12.928
11100370093	12.953
3701300111	12.978
11100370111	13.003
3700390112	13.028
9300740056	13.053
3300360149	13.078
3701300112	13.103
3800560040	13.128
3700740074	13.153
3700560055	13.178
5600370037	13.203
5600550037	13.228
3700460056	13.253
7400360038	13.278
3700740046	13.303
3700380040	13.328
3700450046	13.353
3700370045	13.378
3700440025	13.403
4400380037	13.428
3700290056	13.453
4400560038	13.478
3600440029	13.503
11000370111	13.528
5500370111	13.553
3700560130	13.578
3800380113	13.603
3700360035	13.628
7300920056	13.653
4400380074	13.678
5600730045	13.703
3800380078	13.728
3900560038	13.753
3900250039	13.778
3901570079	13.803
3900380059	13.828
3900600049	13.853
3900590058	13.878
2900490039	13.903
6700620043	13.928
6600590039	13.953
6600900068	13.978
6600390045	14.003
4401100045	14.028
6600250045	14.053
4400620025	14.078
4400620043	14.103
4400440062	14.128
4400390045	14.153
4400390093	14.178
4401110166	14.204
11100440037	14.229
3701110039	14.254
11200550093	14.279
3700740036	14.304
5600560044	14.329
5500370044	14.354
3900590044	14.379
5600390037	14.404
5500370044	14.429
11700580058	14.454
3700780044	14.479
3900440059	14.504
3700440059	14.529
5900390044	14.554
5900490066	14.579
4900990066	14.604
6500330036	14.629
3800540033	14.654
3600370146	14.679
5700560066	14.704
5000390048	14.729
6500370055	14.754
4900320066	14.779
5000490100	14.804
5000330100	14.829
5001660033	14.854
5000330066	14.879
5000330066	14.904
4900660065	14.929
3200660066	14.954
6600490049	14.979
6600820065	15.004
4900320049	15.029
6600500050	15.054
5000320055	15.079
3300490099	15.104
3200820048	15.129
5000330081	15.154
5000330065	15.179
4900320082	15.204
6600320050	15.229
4900390100	15.254
3300330037	15.279
5000990082	15.304
3200490039	15.329
4900330049	15.354
4900330099	15.379
4900330050	15.404
5000280036	15.429
6600290049	15.454
3000580033	15.479
2900430033	15.504
4400580055	15.529
2900500045	15.554
3700600044	15.579
4900430058	15.604
2900490045	15.629
4300490030	15.654
4900430028	15.679
2900320050	15.704
5000580043	15.729
2900330116	15.754
4400490058	15.779
10300450033	15.804
4400890049	15.829
8900300057	15.854
4401030029	15.879
3000330043	15.904
4400430029	15.929
4500590044	15.954
8900440192	15.979
10300430059	16.004
4400880059	16.029
4401030088	16.054
3000440033	16.079
4400450059	16.104
5900450044	16.129
5900450045	16.154
2900430147	16.179
4400430059	16.204
4400290043	16.229
4400300089	16.254
4400730037	16.279
4400290059	16.304
5900300103	16.329
4400440087	16.354
4400730058	16.379
4400580029	16.404
4400590029	16.429
2900440074	16.454
4400290043	16.479
8800440059	16.504
7301030055	16.529
2900440043	16.554
3700740044	16.579
4400370058	16.604
2900440059	16.629
4400590045	16.654
2900580059	16.679
3200430030	16.704
4400450045	16.729
2900430058	16.754
4400550059	16.779
5900550037	16.804
5800440029	16.829
4400330044	16.854
3000590044	16.879
3000580043	16.904
4400300037	16.929
3700300059	16.954
3700290058	16.979
5900490025	17.004
2900430058	17.029
5900460028	17.054
4400290045	17.079
3600450088	17.104
4400590032	17.129
4400290058	17.154
3700320050	17.179
2900440043	17.204
5900370029	17.229
5800290043	17.254
2900560045	17.279
3700590044	17.304
3300440055	17.329
5300320033	17.354
4300760055	17.379
5500370043	17.404
8800550099	17.429
7700430043	17.454
8800440037	17.479
4400290088	17.504
8800440055	17.529
8800370055	17.554
4700550029	17.579
8800440099	17.604
5500880077	17.629
7700440033	17.654
5500770037	17.679
3200430029	17.704
2800320025	17.729
2800330033	17.754
2800550033	17.779
4400280047	17.804
3200280033	17.829
2800330066	17.854
3300280099	17.879
5800550037	17.904
4300590033	17.929
5900730033	17.954
4400290059	17.979
7400450089	18.004
4401030059	18.029
8800590073	18.054
4400290048	18.079
5800730029	18.104
4401030029	18.129
4300300073	18.154
4400550089	18.179
5500880028	18.204
8900880037	18.229
2900440037	18.255
3700330087	18.280
3700590029	18.305
3700440029	18.330
4500370046	18.355
4400430029	18.380
5800290073	18.405
4400290043	18.430
4400300117	18.455
3000330044	18.480
4400600089	18.505
6000740045	18.530
4400550029	18.555
4400580031	18.580
4900450048	18.605
4900440033	18.630
4900650029	18.655
4900660082	18.680
6600490032	18.705
4900660044	18.730
4900290044	18.755
3300250043	18.780
3300290049	18.805
4400440066	18.830
4400490035	18.855
3700360055	18.880
3700740029	18.905
3700740049	18.930
3700920036	18.955
5500490037	18.980
9301110185	19.005
3700920093	19.030
3700550049	19.055
3700730091	19.080
3600920036	19.105
4900930037	19.130
7400930075	19.155
9300490056	19.180
3700380074	19.205
5500740033	19.230
3700360033	19.255
3700440074	19.280
3700560030	19.305
3700560029	19.330
3700550045	19.355
3000420071	19.380
2800590073	19.405
5800430037	19.430
8800300037	19.455
3000370036	19.480
8800290037	19.505
2900370103	19.530
8800430103	19.555
2900440028	19.580
8800440074	19.605
8900290044	19.630
5900880044	19.655
3700590055	19.680
4400880037	19.705
2900590028	19.730
4400440043	19.755
3700560073	19.780
2900440059	19.805
5800430045	19.830
4400300030	19.855
4400290059	19.880
6500870064	19.905
4400890033	19.930
6600330045	19.955
4400880033	19.980
4400880110	20.005
8900450090	20.030
4400330089	20.055
6700890088	20.080
6700890134	20.105
6700890044	20.130
6700370089	20.155
4400670133	20.180
6600890066	20.205
4400670088	20.230
6700450111	20.255
6700440066	20.280
6700890089	20.305
6700440044	20.330
6600450134	20.355
8800450067	20.380
6600880089	20.405
8900440066	20.430
6700890088	20.455
4400900066	20.480
6700900066	20.505
4500890033	20.530
6600450090	20.555
4400880089	20.580
6600440044	20.605
4500670089	20.630
4400670067	20.655
6700280043	20.680
6700450066	20.705
6700500027	20.730
4400670089	20.755
8900440066	20.780
4400430067	20.805
6600430043	20.830
4500430042	20.855
4500400067	20.880
3900400118	20.905
3900440078	20.930
3900390098	20.955
3700440045	20.980
3700450056	21.005
5600440076	21.030
3900380056	21.055
3900770058	21.080
3900430093	21.105
3700930038	21.130
3900370093	21.155
3700740039	21.180
3700560093	21.205
7400560044	21.230
9300560130	21.255
11100380186	21.280
4500750039	21.305
7400370044	21.330
9300740058	21.355
3700930039	21.380
7400290033	21.405
4400330093	21.430
3700390038	21.455
3700390058	21.480
3300360055	21.505
3700550093	21.530
4400550029	21.555
3700360029	21.580
3800370044	21.605
4400290056	21.630
5600390044	21.655
3700560029	21.680
3700920036	21.705
9300740073	21.730
3700560038	21.755
5500940131	21.780
5600370075	21.805
3900290045	21.830
5700590073	21.855
3600350036	21.880
3700250055	21.905
3800400049	21.930
3900780039	21.955
3900590037	21.980
3900590078	22.005
3900590037	22.030
11800990138	22.055
3900980074	22.080
3901180079	22.105
3900780038	22.130
3901170039	22.155
3900780117	22.180
3900400059	22.205
3900390098	22.230
3900590099	22.255
3900390099	22.280
7800790099	22.305
3900590099	22.331
7800390039	22.356
3700580038	22.381
3900390036	22.406
4400580078	22.431
3900440088	22.456
6600440089	22.481
8900390067	22.506
8900660088	22.531
3900890059	22.556
5900890044	22.581
5900390044	22.606
6600390037	22.631
3900800060	22.656
3900980078	22.681
3900380098	22.706
11800980059	22.731
3900780040	22.756
5900440045	22.781
3900660037	22.806
3900290079	22.831
5800450060	22.856
3900590044	22.881
5600590093	22.906
7400390093	22.931
9400390037	22.956
3900930056	22.981
5600370074	23.006
2900380057	23.031
3900930075	23.056
3700290055	23.081
3700440059	23.106
5900380079	23.131
5900980059	23.156
3900590078	23.181
5900980029	23.206
3900590037	23.231
9900290044	23.256
4400590037	23.281
3900440040	23.306
7900390059	23.331
3900790088	23.356
6700780059	23.381
8800660089	23.406
6700390037	23.431
4400440088	23.456
6600660039	23.481
4400670087	23.506
8800900037	23.531
4400660039	23.556
8700870110	23.581
4400650066	23.606
8800430111	23.631
4400660089	23.656
4500900049	23.681
8900440066	23.706
4300880039	23.731
8700450066	23.756
4500620046	23.781
4400290087	23.806
8700590111	23.831
4500450046	23.856
4900660032	23.881
4900330099	23.906
4900330049	23.931
3300990034	23.956
4400500065	23.981
3200270066	24.006
6600550070	24.031
4400650033	24.056
4400330066	24.081
4400500035	24.106
4900490066	24.131
5900430103	24.156
4400590044	24.181
2501040059	24.206
4900250027	24.231
4400250073	24.256
4400250050	24.281
3300440066	24.306
4400440043	24.331
6500440048	24.356
3200980044	24.381
4900990056	24.406
9900660032	24.431
4900330034	24.456
3300340049	24.481
5600330049	24.506
5600330041	24.531
4900330044	24.556
5500730038	24.581
9200740037	24.606
7400920037	24.631
7400920044	24.656
7400550037	24.681
3700490043	24.706
3600930029	24.731
3700740049	24.756
4900440049	24.781
3300360029	24.806
3300440034	24.831
3300480037	24.856
4900650065	24.881
4900980082	24.906
4900990056	24.931
9901160083	24.956
4901160028	24.981
3300490032	25.006
3200490049	25.031
3300560037	25.056
5600490034	25.081
5600340042	25.106
3300490056	25.131
3300490025	25.156
3300250050	25.181
4900370032	25.206
4900440055	25.231
5000330070	25.256
3300440049	25.281
3300490037	25.306
3700560033	25.331
3700430033	25.356
3700410087	25.381
3700430055	25.406
5300370044	25.431
4400330055	25.456
3300490029	25.481
3300990044	25.506
3300550033	25.531
3300290088	25.556
5600550110	25.581
8800990044	25.606
5500330044	25.631
4400370055	25.656
9900550033	25.681
3300440032	25.706
3300660032	25.731
3300660027	25.756
3300660055	25.781
4400320050	25.806
3300660044	25.831
5500440033	25.856
3700550033	25.881
5500730044	25.906
7300430088	25.931
8900440030	25.956
7400450119	25.981
8901190045	26.006
4400740119	26.031
10300330119	26.056
2900580044	26.081
4400290074	26.106
4400440029	26.131
7300580043	26.156
4400330029	26.181
3000740118	26.206
7400300059	26.231
2900430028	26.256
3300440027	26.281
7500440045	26.306
4400300043	26.331
3700440030	26.356
3700300075	26.382
2900580043	26.407
2800870088	26.432
2900890045	26.457
8900590089	26.482
5900440028	26.507
2900280060	26.532
4400600033	26.557
4400330058	26.582
2900330044	26.607
4900650044	26.632
4900980049	26.657
4900480066	26.682
9900330066	26.707
4900820032	26.732
2900480044	26.757
3300440049	26.782
4900330049	26.807
4900330044	26.832
4900440033	26.857
3600740044	26.882
3700370049	26.907
3700920166	26.932
3601290044	26.957
9200380037	26.982
3700740129	27.007
3701290036	27.032
3600370128	27.057
3700370073	27.082
3700730055	27.107
3700290129	27.132
3700740055	27.157
3700560049	27.182
3700290049	27.207
3700430049	27.232
3700290049	27.257
3700440037	27.282
3700740044	27.307
3700550036	27.332
3700370029	27.357
3700740042	27.382
3600280058	27.407
5600590057	27.432
7300590029	27.457
5901770059	27.482
5900740118	27.507
5900590074	27.532
7300580029	27.557
7300440073	27.582
4400580029	27.607
4400730103	27.632
5900880044	27.657
5900890044	27.682
8800440118	27.707
4400370118	27.732
4400730074	27.757
2900440044	27.782
4401030037	27.807
4400290074	27.832
4400290057	27.857
3300580029	27.882
6501080067	27.907
4400440088	27.932
4400660065	27.957
4400440088	27.982
4400890033	28.007
4400430044	28.032
4500890046	28.057
4400440033	28.082
3300440089	28.107
8900660066	28.132
4400870044	28.157
8900670029	28.182
6700890044	28.207
6600880067	28.232
4400430088	28.257
6600330067	28.282
4400890033	28.307
6700440088	28.332
6700450045	28.357
6700440089	28.382
4400670066	28.407
4400450055	28.432
6601110111	28.457
8900440043	28.482
4500440056	28.507
4500670046	28.532
4400670043	28.557
4400890067	28.582
8900270045	28.607
4400660089	28.632
4500890056	28.657
6600890045	28.682
4400560044	28.707
4400670033	28.732
3300560090	28.757
6700560033	28.782
3300440067	28.807
4400330066	28.832
4000440039	28.857
4400400099	28.882
3900430079	28.907
3300370057	28.932
3900290056	28.957
7900450067	28.982
4400560039	29.007
3900980078	29.032
3700390059	29.057
9401120044	29.082
9300290131	29.107
9300740130	29.132
3700930039	29.157
9300370038	29.182
13000730054	29.207
2900930044	29.232
3900560131	29.257
3700390056	29.282
5600440039	29.307
3800560039	29.332
3700390056	29.357
3700290039	29.382
5600450054	29.407
3700560029	29.432
5600280044	29.457
5600370037	29.482
5600370055	29.507
3700450039	29.532
3700370029	29.557
3700360044	29.582
5900440044	29.607
3700330058	29.632
3600330055	29.657
3700330030	29.682
2900730055	29.707
9200740037	29.732
7400370094	29.757
9301310074	29.782
3700380074	29.807
2900560030	29.832
7500920044	29.857
3700440074	29.882
2600250036	29.907
5900580056	29.932
3900390078	29.957
3900380059	29.982
3900590037	30.007
3900780055	30.032
3900250059	30.057
3900590059	30.082
3700590079	30.107
3900400025	30.132
7800660040	30.157
4500430111	30.182
3900880110	30.207
6600390044	30.232
3901110067	30.257
6600440039	30.282
2500450110	30.307
3900660043	30.332
4400670039	30.357
6601100075	30.382
3900370055	30.407
9300550074	30.433
3700560093	30.458
3700560131	30.483
3700370056	30.508
9301310150	30.533
5600370039	30.558
5500560056	30.583
3700740056	30.608
3700560044	30.633
3900400078	30.658
3900980037	30.683
9900560055	30.708
3900370099	30.733
5600380118	30.758
3900370044	30.783
6600380048	30.808
5000660033	30.833
3700440073	30.858
3700720049	30.883
3700370054	30.908
4800360032	30.933
3300490082	30.958
3300360066	30.983
4900490033	31.008
11600830033	31.033
5000660033	31.058
5001160033	31.083
5000660100	31.108
5000330116	31.133
4900660082	31.158
3300820148	31.183
8200330049	31.208
3200490116	31.233
11600330149	31.258
3300660049	31.283
3300500083	31.308
11600330049	31.333
4900820115	31.358
5000670114	31.383
4900320050	31.408
8200500116	31.433
6600500033	31.458
4900330116	31.483
4400550083	31.508
3300490044	31.533
4900490033	31.558
3300490032	31.583
5000500033	31.608
5000490039	31.633
4400660039	31.658
4900440049	31.683
4400490117	31.708
3300870118	31.733
5000740033	31.758
4300890033	31.783
2900890039	31.808
4900450103	31.833
4900280058	31.858
4400500030	31.883
5000330030	31.908
5000430036	31.933
2900500066	31.958
4400870028	31.983
8800330073	32.008
8800740059	32.033
2900440043	32.058
4900590074	32.083
4300440104	32.108
7400440029	32.133
14800460193	32.158
7400440030	32.183
7401480119	32.208
4400740119	32.233
5900290045	32.258
3001190044	32.283
5900290119	32.308
4500290119	32.333
7400590029	32.358
4400300044	32.383
7400450059	32.408
2900440104	32.433
7401040043	32.458
7400440059	32.483
4500740046	32.508
7401190025	32.533
4400590030	32.558
4500890045	32.583
4400440119	32.608
5900290044	32.633
4400450073	32.658
2900450103	32.683
7400440059	32.708
2900740045	32.733
7400890045	32.758
5900300074	32.783
7400600037	32.808
4400290050	32.833
4400590073	32.858
3000430030	32.883
4400330037	32.908
5900290029	32.933
4400440030	32.958
4500300074	32.983
5900450029	33.008
5900430044	33.033
5900440029	33.058
4400440030	33.083
2900440029	33.108
4400590032	33.133
3000450045	33.158
2600490028	33.183
2900440044	33.208
4500580050	33.233
5900330030	33.258
4400440059	33.283
4500590074	33.308
4400290044	33.333
4300590034	33.358
4400330045	33.383
2900590029	33.408
4400330030	33.433
4400590043	33.458
4400280049	33.483
4400300059	33.508
5900290044	33.533
4400590044	33.558
4500460045	33.583
5900440029	33.608
4400440037	33.633
3000450046	33.658
4400440111	33.683
2900880059	33.708
4400890032	33.733
4400890111	33.758
4400440029	33.783
4400910045	33.808
4400450046	33.833
4400440039	33.858
4400590045	33.883
3900450044	33.908
5900300040	33.933
4400390039	33.958
4000600080	33.983
4400600040	34.008
6000300040	34.033
3000440045	34.058
3900290079	34.083
4400400077	34.108
4000440036	34.133
3900450039	34.158
3700560033	34.183
3300370057	34.208
3600370055	34.233
3700560094	34.258
3700380094	34.283
5600380037	34.308
5500330057	34.333
5700370033	34.358
3600550057	34.383
5600450038	34.408
3600290036	34.433
3700550075	34.458
3700560029	34.484
5500440033	34.509
3600330075	34.534
5600750033	34.559
3700550074	34.584
3700370036	34.609
3700550044	34.634
3700380038	34.659
3700740056	34.684
2900330029	34.709
3700740044	34.734
2900370044	34.759
4400370044	34.784
3700440033	34.809
3200550044	34.834
4500330030	34.859
3300370074	34.884
2900330060	34.909
3000330037	34.934
2900300044	34.959
8800330059	34.984
2900330041	35.009
2900330033	35.034
3300300060	35.059
2900330037	35.084
3300590044	35.109
2900330088	35.134
3000330055	35.159
2900410089	35.184
2500390027	35.209
2500440030	35.234
2500390030	35.259
2500290029	35.284
3900590037	35.309
2900780061	35.334
3900390030	35.359
2900250059	35.384
2500390039	35.409
5900250049	35.434
4000370078	35.459
3800590033	35.484
3900480060	35.509
4000490059	35.534
6000370025	35.559
3700490060	35.584
3900590037	35.609
4000390058	35.634
4000590039	35.659
3900370037	35.684
3900390049	35.709
4000600040	35.734
2500600059	35.759
3900250037	35.784
3900790037	35.809
3700390059	35.834
3700390025	35.859
3700290037	35.884
3900370080	35.909
4000250037	35.934
3700250040	35.959
3700390056	35.984
3700560036	36.009
3700560036	36.034
3800560038	36.059
3800370057	36.084
3800570037	36.109
3800570037	36.134
3700380057	36.159
3700380057	36.184
3700360074	36.209
3700380037	36.234
3700370039	36.259
3700750044	36.284
3700360035	36.309
5600370050	36.334
3700560041	36.359
3700420038	36.384
3600560041	36.409
3700560034	36.434
3700330041	36.459
3300370036	36.484
3300330041	36.509
3700340038	36.534
4100270085	36.559
3300320086	36.584
3200320055	36.609
2700490067	36.634
3300330049	36.659
4900280032	36.684
5100320049	36.709
3300510050	36.734
2800500042	36.759
3200280050	36.784
4900670082	36.809
3300670044	36.834
3300330066	36.859
3300340036	36.884
3300410034	36.909
3300330055	36.934
3300320033	36.959
3200320031	36.984
3100290031	37.009
3700270059	37.034
4400330030	37.059
5900250045	37.084
4400440025	37.109
4400330037	37.134
2900440033	37.159
10300880074	37.184
4400290030	37.209
3300730042	37.234
2900420037	37.259
4400730032	37.284
2800420056	37.309
2800330035	37.334
4100390070	37.359
4200270055	37.384
2700440055	37.409
2900280056	37.434
5500440055	37.459
2700330027	37.484
5600410033	37.509
2800560055	37.534
4200550029	37.559
2700420055	37.584
4400700055	37.609
4100280033	37.634
4200330044	37.659
3300410027	37.684
5600330042	37.709
4200560033	37.734
2800420042	37.759
2700280025	37.784
3700410037	37.809
3700280032	37.834
3700270056	37.859
4100330037	37.884
5500290075	37.909
3700380073	37.934
5600370038	37.959
3700370055	37.984
3700550041	38.009
2900330037	38.034
3700440055	38.059
3800420038	38.084
3800290057	38.109
3700560057	38.134
3700360036	38.159
3700360033	38.184
3700330055	38.209
3700560037	38.234
3700560036	38.259
3700380056	38.284
3700360029	38.309
3700320036	38.334
3300370029	38.359
3300370036	38.384
3300370049	38.409
5000330029	38.434
5000360066	38.459
3300330037	38.484
3300370066	38.509
3300330051	38.535
6500340049	38.560
3200320067	38.585
3200490032	38.610
3300340033	38.635
3300500037	38.660
6600330049	38.685
3300370034	38.710
3300490068	38.735
3300330067	38.760
3300320037	38.785
3300320050	38.810
3100490030	38.835
3300290030	38.860
4400600037	38.885
3001050074	38.910
2901050074	38.935
4400600045	38.960
3000450033	38.985
3000600059	39.010
3000330059	39.035
2900300044	39.060
3300320025	39.085
3300290049	39.110
3300500066	39.135
5000330031	39.160
5000330034	39.185
5000330067	39.210
5000330033	39.235
3300320067	39.260
3300500051	39.285
4900360035	39.310
2800330034	39.335
3300560042	39.360
3300550034	39.385
3300410032	39.410
3200330027	39.435
5500310069	39.460
5600330084	39.485
3300370028	39.510
5700560041	39.535
3300270056	39.560
5500420032	39.585
5600460056	39.610
5600550069	39.635
4200560085	39.660
4200280070	39.685
5600420027	39.710
5500460033	39.735
5500830027	39.760
4600280056	39.785
4200560043	39.810
3700420041	39.835
2800370036	39.860
3700550028	39.885
3100330038	39.910
3100270036	39.935
3700310055	39.960
2700370033	39.985
3800570038	40.010
3600370027	40.035
3700360041	40.060
3700370027	40.085
2800290041	40.110
3700380038	40.135
3700270042	40.160
3700460028	40.185
3700560038	40.210
3700560074	40.235
3700270046	40.260
3600560028	40.285
3700270033	40.310
4100560046	40.335
5600320036	40.360
3700490046	40.385
3300270050	40.410
3200310049	40.435
2700370051	40.460
3300500028	40.485
3600330027	40.510
3300470073	40.535
3700330034	40.560
3200320049	40.585
3200440029	40.610
2800370037	40.635
2900370027	40.660
3700580046	40.685
3700320030	40.710
3700280059	40.735
3300370029	40.760
2900270037	40.785
3300290030	40.810
3000290031	40.835
7300270045	40.860
3100450046	40.885
2900330038	40.910
5900300043	40.935
2900730027	40.960
5800470058	40.985
6000300074	41.010
3700300044	41.035
2900300044	41.060
4400270044	41.085
4400740030	41.110
4400300033	41.135
7400250032	41.160
4900250074	41.185
2900420025	41.210
4200280056	41.235
2800420042	41.260
2800410028	41.285
4200280029	41.310
4200280028	41.335
4200560037	41.360
4300270029	41.385
2900420042	41.410
3000290038	41.435
2500370029	41.460
2500370027	41.485
2900330028	41.510
3700280033	41.535
6200280025	41.560
4200490027	41.585
3800280025	41.610
2500280062	41.635
3600360061	41.660
3700380075	41.685
3700290049	41.710
3700620033	41.735
2900370062	41.760
2500370026	41.785
3700610061	41.810
3700290049	41.835
2500360028	41.860
2500490028	41.885
2500290025	41.910
3700620036	41.935
7500360029	41.960
5000550076	41.985
3900750029	42.010
9900590033	42.035
4900290037	42.060
2500590033	42.085
7500500059	42.110
4900750032	42.135
7500970041	42.160
2500750029	42.185
4900500099	42.210
7500480040	42.235
2600490074	42.260
2500250049	42.285
2500490075	42.310
2500500074	42.335
4900260025	42.360
5000510098	42.385
5000490050	42.410
2500500075	42.435
5000260028	42.460
7600490048	42.485
5000500075	42.510
5000490075	42.535
7400490030	42.560
2600250051	42.586
2500490048	42.611
7500490040	42.636
2500500049	42.661
7400500049	42.686
7400750100	42.711
4900740051	42.736
5000250051	42.761
4900250075	42.786
2500500076	42.811
2500750074	42.836
2500500100	42.861
2500250075	42.886
2500750051	42.911
2500510074	42.936
4900250025	42.961
5000250074	42.986
2500500075	43.011
2500440049	43.036
6700450050	43.061
8800670044	43.086
8800660044	43.111
3700670088	43.136
8900670066	43.161
2500440037	43.186
8800250066	43.211
2800430055	43.236
2800870044	43.261
2800270037	43.286
2800890044	43.311
3700280030	43.336
3000440044	43.361
2500370066	43.386
2500280044	43.411
2800250067	43.436
2800290027	43.461
2800440050	43.486
2800500037	43.511
2500280026	43.536
4400250049	43.561
4500490075	43.586
2500440049	43.611
2500280041	43.636
2500670050	43.661
2500410027	43.686
2800440065	43.711
3300750076	43.736
3300760025	43.761
3300660076	43.786
2500330050	43.811
3300670025	43.836
6600330050	43.861
4400330050	43.886
4100890044	43.911
4400500089	43.936
4100500028	43.961
9000670041	43.986
3300670042	44.011
6700420044	44.036
8900670090	44.061
4400650066	44.086
6700430047	44.111
6700330055	44.136
4400440055	44.161
3300440089	44.186
3300450055	44.211
4400330033	44.236
3300550027	44.261
3300450066	44.286
4500550029	44.311
3300380027	44.336
5500580040	44.361
4400320028	44.386
3900440059	44.411
4400390058	44.436
3300400038	44.461
4000420080	44.486
3900330079	44.511
2800390038	44.536
3900350033	44.561
3300380039	44.586
5900420058	44.611
4000590037	44.636
3900560037	44.661
4000330039	44.686
4400390040	44.711
4400550038	44.736
4400360039	44.761
4400400036	44.786
3900440055	44.811
3600330035	44.836
3700320093	44.861
3700330056	44.886
3700550033	44.911
5500920033	44.936
3700440055	44.961
3700330044	44.986
3700330036	45.011
3300560055	45.036
3800560040	45.061
5600330040	45.086
3700940032	45.111
4400330056	45.136
3700330037	45.161
3700550039	45.186
5600370033	45.211
3300290056	45.236
5600370093	45.261
3300560055	45.286
3700560030	45.311
3200440044	45.336
3300340033	45.361
3300440037	45.386
3300500037	45.411
3300490041	45.436
3300320044	45.461
3300660037	45.486
3300340067	45.511
3300330055	45.536
3300500066	45.561
3300370032	45.586
3300370029	45.611
3300370074	45.636
3000330075	45.661
3300440037	45.686
4400580059	45.711
2900550060	45.736
6000440029	45.761
3700290031	45.786
2900590089	45.811
3300380034	45.836
3200500043	45.861
4400490051	45.886
3300340050	45.911
3300440050	45.936
4400500066	45.961
3300490083	45.986
3300500032	46.011
3300500083	46.036
3300340037	46.061
3700360056	46.086
3300570057	46.111
5600550044	46.136
3300370029	46.161
3300440074	46.186
5600560075	46.211
5600330038	46.236
3800330034	46.261
5600750029	46.286
3700410074	46.311
3300290063	46.336
8400420033	46.361
4200250033	46.386
2500630044	46.411
4100370063	46.436
6300420037	46.461
4200840037	46.486
8500640043	46.511
4200860063	46.536
3700250085	46.561
6300420044	46.586
4400440045	46.611
2900440033	46.636
4300660028	46.662
4200650045	46.687
4300330089	46.712
4100270089	46.737
6700880062	46.762
4300660090	46.787
8800670088	46.812
8800660042	46.837
4300330037	46.862
3300900087	46.887
4500910090	46.912
4500910041	46.937
4400900067	46.962
4200880027	46.987
4200880043	47.012
9000890068	47.037
9100680088	47.062
9000680045	47.087
6700890066	47.112
8800440088	47.137
4300880042	47.162
8900660028	47.187
8800280090	47.212
6600670043	47.237
3700620045	47.262
6700490043	47.287
2500250026	47.312
4900420050	47.337
4900370067	47.362
7300680045	47.387
4900500025	47.412
3700500075	47.437
3700740062	47.462
4900370075	47.487
2500500025	47.512
2500750042	47.537
4901000042	47.562
4200330037	47.587
4100850041	47.612
8500630063	47.637
4100370040	47.662
10500630062	47.687
8501040037	47.712
4100250037	47.737
2500860042	47.762
2500860063	47.787
4200410062	47.812
4201040061	47.837
4100420025	47.862
2500630063	47.887
6300420086	47.912
4200430063	47.937
4100370062	47.962
8400410074	47.987
4200640085	48.012
4200740043	48.037
6200420065	48.062
4100370033	48.087
6200410033	48.112
4200420064	48.137
4200630062	48.162
4200410042	48.187
6300850106	48.212
2800640086	48.237
4200280062	48.262
2800430083	48.287
2500420028	48.312
2800420033	48.337
4100280067	48.362
4200670042	48.387
4401110042	48.412
2901110029	48.437
11100890044	48.462
2900890044	48.487
8900450111	48.512
4400410089	48.537
4200430089	48.562
2500890067	48.587
2500440041	48.612
2500290042	48.637
4200880066	48.662
8900670028	48.687
6700440028	48.712
4300670089	48.737
9000440067	48.762
6700900088	48.787
2800440029	48.812
4400280089	48.837
4400270029	48.862
4400900086	48.887
2900900043	48.912
4400900069	48.937
9000660033	48.962
4400880070	48.987
4400280033	49.012
4300280044	49.037
9000250070	49.062
4200680044	49.087
2700690067	49.112
6600280044	49.137
4400870066	49.162
3300330043	49.187
3300440066	49.212
3300270056	49.237
3300890039	49.262
3300660087	49.287
2800440033	49.312
4400280033	49.337
2800660055	49.362
5600900028	49.387
4300680090	49.412
4100670055	49.437
2800290044	49.462
4100370042	49.487
4400420045	49.512
4400660041	49.537
4300660044	49.562
4400250049	49.587
2500620066	49.612
6200330025	49.637
4400620067	49.662
4500620074	49.687
4500280044	49.712
4300420027	49.737
3200420066	49.762
4400660044	49.787
6700410066	49.812
6700440037	49.837
3300320067	49.862
4400330055	49.887
4400660049	49.912
4400290028	49.937
2900460033	49.962
2900430066	49.987
2500330034	50.012
3300410045	50.037
3300440027	50.062
4100310033	50.087
3300420034	50.112
4100910029	50.137
2900410033	50.162
3300340025	50.187
2500440037	50.212
4300320031	50.237
3200550066	50.262
5500430054	50.287
6500760066	50.312
6500650076	50.337
6600550033	50.362
4400550066	50.387
6600440033	50.412
4400330078	50.437
4400330066	50.462
4400550033	50.487
4400430088	50.512
4400330066	50.537
4400330055	50.562
3300440032	50.587
3300440044	50.612
5500440043	50.637
3300440066	50.662
3900250045	50.687
3300270031	50.713
3300290044	50.738
3300570044	50.763
5700440043	50.788
5700720088	50.813
5800730043	50.838
7300590073	50.863
4400740059	50.888
4400740029	50.913
4400440088	50.938
4400450118	50.963
3000580058	50.988
5900740073	51.013
4300290073	51.038
4400740073	51.063
5900740043	51.088
2900440073	51.113
4500470045	51.138
4400280029	51.163
3000300059	51.188
4400450046	51.213
5800440028	51.238
2900580028	51.263
4300870073	51.288
5801170037	51.313
4300440037	51.338
4400590028	51.363
4400430058	51.388
4400290055	51.413
4500600044	51.438
4400730089	51.463
3300480045	51.488
3300320097	51.513
3300290048	51.538
4900500033	51.563
11500500148	51.588
4900330034	51.613
8100330050	51.638
4400500066	51.663
4400490082	51.688
4900330044	51.713
3700440073	51.738
11000370073	51.763
7401110148	51.788
3601110044	51.813
14801110204	51.838
3701110074	51.863
3700560036	51.888
3700740092	51.913
3700490074	51.938
3700550111	51.963
3701110049	51.988
3700550037	52.013
2900370130	52.038
3600440055	52.063
3700570044	52.088
5700290055	52.113
3700380074	52.138
2900370037	52.163
3700740036	52.188
3700550046	52.213
3700280042	52.238
5700370043	52.263
5700440037	52.288
4400580088	52.313
4400880073	52.338
4400590044	52.363
4400580073	52.388
4401020088	52.413
4400880043	52.438
4400880058	52.463
8800590044	52.488
5900880044	52.513
4400740059	52.538
5900880103	52.563
3700430029	52.588
3700290030	52.613
3700300059	52.638
2900590044	52.663
2900430044	52.688
4400290030	52.713
4400590028	52.738
2900280088	52.763
4400450088	52.788
4400450089	52.813
8900450045	52.838
11200880043	52.863
4400670112	52.888
8900440067	52.913
4500670089	52.938
8900440033	52.963
8901110059	52.988
8900900112	53.013
4400880089	53.038
4400670156	53.063
8900670045	53.088
8900440068	53.113
8900440111	53.138
8900450090	53.163
4300440089	53.188
6700440044	53.213
6700450090	53.238
6700450066	53.263
4400890067	53.288
4401110066	53.313
4400880045	53.338
6700670089	53.363
4400670066	53.388
4400430089	53.413
4400670045	53.438
4500450089	53.463
4400430089	53.488
8900550111	53.513
4500890046	53.538
4400420068	53.563
6700440042	53.588
4500450089	53.613
6700450089	53.638
4400390039	53.663
3900580044	53.688
3900440078	53.713
5600390045	53.738
4400390059	53.763
3900440044	53.788
3900450037	53.813
3900580039	53.838
3800750037	53.863
5600370057	53.888
15000590067	53.913
5600370075	53.938
3800440039	53.963
5601130039	53.988
7500370037	54.013
5601120039	54.038
7500930150	54.063
11201130056	54.088
3700560093	54.113
3600740149	54.138
11200440056	54.163
11300370039	54.188
3700750093	54.213
3800380112	54.238
3701120073	54.263
7400730036	54.288
7400380044	54.313
7500740092	54.338
7501120075	54.363
3700750038	54.388
7501130094	54.413
3800560113	54.438
5600550113	54.463
3701130038	54.488
3800390056	54.513
5600380075	54.538
3700560036	54.563
3701290055	54.588
3700740092	54.613
3700560075	54.638
5600370037	54.663
5600750074	54.688
3700570056	54.713
3700370057	54.738
3700440038	54.764
3700380074	54.789
3900390058	54.814
3900780040	54.839
3900590079	54.864
7900390037	54.889
7900990037	54.914
3700980079	54.939
3900400098	54.964
7900370078	54.989
3800580037	55.014
7800770037	55.039
3900590098	55.064
7900990077	55.089
3900990039	55.114
9900450080	55.139
7900990039	55.164
5900580099	55.189
3900590040	55.214
5800590078	55.239
3900790059	55.264
3700380037	55.289
6500590089	55.314
4400440087	55.339
4400890066	55.364
4400660039	55.389
5900430037	55.414
3900440089	55.439
4400380088	55.464
4400390067	55.489
3900590067	55.514
3900390078	55.539
3901170137	55.564
3900780044	55.589
3900440079	55.614
4400390079	55.639
4400440039	55.664
3900400079	55.689
2900890099	55.714
3900590038	55.739
5500300092	55.764
9300740037	55.789
9300560037	55.814
5500370093	55.839
7500370029	55.864
5600550037	55.889
4400390038	55.914
4400390038	55.939
4400940055	55.964
5600370039	55.989
3901170058	56.014
5900780118	56.039
3800370039	56.064
7900370040	56.089
3900790037	56.114
7900370037	56.139
3900590038	56.164
11900790029	56.189
3900360118	56.214
5500580078	56.239
3900440044	56.264
8800440066	56.289
8900590111	56.314
4400890111	56.339
8900660111	56.364
4400890067	56.389
6600880067	56.414
4400660088	56.439
6600880044	56.464
6600440045	56.489
4500450046	56.514
4400250088	56.539
6700370038	56.564
4500450066	56.589
4400390089	56.614
4400670043	56.639
4400390025	56.664
4500670025	56.689
4400670089	56.714
3900890034	56.739
4900440055	56.764
6600330050	56.789
4400500049	56.814
3300670050	56.839
3400660056	56.864
6600440039	56.889
5500330050	56.914
4400670049	56.939
6700280056	56.964
3300670055	56.989
4400670044	57.014
3900670074	57.039
4400300025	57.064
2500300074	57.089
4400250066	57.114
6200370049	57.139
4400440059	57.164
4400300049	57.189
4400490032	57.214
5000650049	57.239
4900670066	57.264
5000670033	57.289
5000660083	57.314
5000830044	57.339
5600660067	57.364
4900330033	57.389
3300280050	57.414
3300500032	57.439
5500440049	57.464
5600370037	57.489
3701300056	57.514
3700440056	57.539
5600440074	57.564
3700560057	57.589
9300750049	57.614
3700550049	57.639
3600560057	57.664
5000370044	57.689
5000660048	57.714
5000820055	57.739
3300650066	57.764
3300560116	57.789
3300670037	57.814
3300660055	57.839
3300280032	57.864
3300280049	57.889
3300450033	57.914
4900370028	57.939
3300560055	57.964
4900440033	57.989
3300370027	58.014
3300250056	58.039
5000560049	58.064
5000490033	58.089
5000560056	58.114
4900560027	58.139
3300320044	58.164
3300280067	58.189
5000550033	58.214
3300500088	58.239
3300550044	58.264
3300550088	58.289
4300330087	58.314
7600330044	58.339
3300440045	58.364
4400770045	58.389
4401210049	58.414
4400660088	58.439
4400660088	58.464
5500320088	58.489
4400660055	58.514
5500490033	58.539
4400770055	58.564
4400330066	58.589
4300430044	58.614
2600440066	58.639
5500560065	58.664
4400450036	58.689
4400450033	58.714
5500370037	58.739
4300440058	58.764
4400550073	58.789
4000260103	58.815
4400590029	58.840
3300300090	58.865
4500330030	58.890
3300290059	58.915
4400330043	58.940
3301040029	58.965
4401030043	58.990
4400590046	59.015
5900330037	59.040
3300450059	59.065
4400580025	59.090
5800590044	59.115
2900600075	59.140
4400290043	59.165
2900330045	59.190
3000740033	59.215
3000330074	59.240
4400590033	59.265
3300290029	59.290
4500290028	59.315
4500590030	59.340
4400440074	59.365
4500440029	59.390
4400590060	59.415
4400300049	59.440
4500500029	59.465
6500560050	59.490
4900440049	59.515
4400500066	59.540
3300660116	59.565
3300300116	59.590
4900330049	59.615
4900330050	59.640
4900320029	59.665
4900290049	59.690
3700330066	59.715
5500930092	59.740
3700330032	59.765
5500370033	59.790
13100490037	59.815
3700380049	59.840
9300550037	59.865
3700740029	59.890
7400370037	59.915
9200730037	59.940
9201110037	59.965
3700740111	59.990
5500360036	60.015
3700560093	60.040
3701110037	60.065
3700290044	60.090
3700560055	60.115
3700330074	60.140
3300370075	60.165
5500440028	60.190
4300290073	60.215
4400730058	60.240
4400730044	60.265
4400590074	60.290
7400300045	60.315
4400290118	60.340
4400890037	60.365
4300440088	60.390
2900370029	60.415
7300440102	60.440
2901030044	60.465
8801030147	60.490
4400890118	60.515
10401190045	60.540
4401040075	60.565
2900590088	60.590
2900370029	60.615
3701040089	60.640
2900440037	60.665
3700440029	60.690
3700430066	60.715
4400660033	60.740
8800660044	60.765
4400670067	60.790
4500890045	60.815
6700450066	60.840
4400440067	60.865
4400440112	60.890
4500440067	60.915
4400430029	60.940
4400440089	60.965
3300440044	60.990
4500450046	61.015
4400330043	61.040
4400890178	61.065
4500450067	61.090
4500440067	61.115
4500670067	61.140
4500440066	61.165
6700440043	61.190
4401110089	61.215
6601110111	61.240
4400440066	61.265
4500330055	61.290
6700670090	61.315
4400670135	61.340
4400670044	61.365
2700450089	61.390
6700890089	61.415
4400670044	61.440
6700460027	61.465
4400440066	61.490
6700450028	61.515
4400670042	61.540
4500560067	61.565
4500670089	61.590
4400270067	61.615
5500440043	61.640
6700680027	61.665
6700440044	61.690
4400790067	61.715
5700750039	61.740
4400390075	61.765
4000750044	61.790
3900390077	61.815
3900970044	61.840
7700440038	61.865
3800380056	61.890
3701120045	61.915
11200440093	61.940
3700450040	61.965
3700560074	61.990
9301310073	62.015
11200560044	62.040
11200560045	62.065
5601120045	62.090
11101670055	62.115
3701660044	62.140
3700550092	62.165
3700440130	62.190
3700930037	62.215
5600940037	62.240
9300750039	62.265
7500560093	62.290
7500380055	62.315
5500560092	62.340
5600370044	62.365
5600450055	62.390
4500550037	62.415
3700450027	62.440
3700560044	62.465
5600380038	62.490
5500380056	62.515
3700550038	62.540
5500930055	62.565
3700930036	62.590
9300560130	62.615
3700560044	62.640
3700740055	62.665
3700370055	62.690
3700560059	62.715
3700770058	62.740
7800370097	62.765
9800390058	62.790
9800590157	62.815
11800390098	62.840
11900590040	62.866
3601180039	62.891
3700780029	62.916
5900390044	62.941
6600430037	62.966
4401110049	62.991
4400660025	63.016
4500250066	63.041
6700390089	63.066
4400670039	63.091
6600390045	63.116
4400440043	63.141
4500890067	63.166
4400560036	63.191
5600380112	63.216
11200440056	63.241
11200930037	63.266
3700560094	63.291
7500380093	63.316
3700370075	63.341
3700750057	63.366
3700560036	63.391
5600550039	63.416
3801170078	63.441
11800780037	63.466
3900990037	63.491
4000990055	63.516
3900370037	63.541
3800590060	63.566
6600330039	63.591
6700370059	63.616
3900660037	63.641
3701290091	63.666
3700360059	63.691
4900440039	63.716
5600370067	63.741
5000360027	63.766
3300660050	63.791
5000360033	63.816
3700330033	63.841
3700500033	63.866
3300370050	63.891
5000390067	63.916
6600330116	63.941
4900330044	63.966
3300330067	63.991
6700330100	64.016
6700330050	64.041
4400670033	64.066
5000330083	64.091
6600330050	64.116
3300670049	64.141
3300490067	64.166
6600500033	64.191
4900330050	64.216
6600500116	64.241
3300670050	64.266
3300500034	64.291
5000660049	64.316
5000670032	64.341
5000390100	64.366
5000380028	64.391
3300390025	64.416
5000500083	64.441
5000330050	64.466
4900500030	64.491
2900440044	64.516
4500740044	64.541
4400440050	64.566
5000440074	64.591
5000600045	64.616
3300500059	64.641
3300500044	64.666
5000580030	64.691
4500440030	64.716
5000570059	64.741
2900430028	64.766
4400490073	64.791
2900580031	64.816
8900440050	64.841
4400890033	64.866
4500890030	64.891
4400590029	64.916
7400450028	64.941
4400500025	64.966
5900890050	64.991
8900290033	65.016
4400590043	65.041
4500290045	65.066
4300250104	65.091
4400300074	65.116
4500300046	65.141
4400500067	65.166
2900500059	65.191
5000450033	65.216
5900330089	65.241
4400890044	65.266
4500890059	65.291
4400740030	65.316
2900430089	65.341
4400590045	65.366
3000890073	65.391
4400300044	65.416
2900440058	65.441
4400450037	65.466
4500370033	65.491
4400440059	65.516
10400370044	65.541
4500450037	65.566
3000370030	65.591
4400430037	65.616
2900450059	65.641
4400450033	65.666
5900300074	65.691
4400590044	65.716
4500290045	65.741
5900300044	65.766
4400300044	65.791
4500290045	65.816
4400290045	65.841
3000890059	65.866
4400590030	65.891
2900290074	65.916
5900450045	65.941
3000440044	65.966
3300300045	65.991
2900590045	66.016
4400890044	66.041
5900300044	66.066
2900440028	66.091
4400450059	66.116
4500300059	66.141
4400440030	66.166
5900290045	66.191
4400290028	66.216
3000590030	66.241
4500300030	66.266
2900450044	66.291
5900290045	66.316
4700260025	66.341
4400590029	66.366
4300360031	66.391
4400290034	66.416
4400440032	66.441
4301310036	66.466
4401210033	66.491
5400870036	66.516
6501200131	66.541
4300550077	66.566
4400660077	66.591
6501320044	66.616
13100430044	66.641
4400550077	66.666
5500770044	66.691
5500440077	66.716
4400550037	66.741
4400660044	66.766
2900760066	66.791
4400540045	66.816
4400650087	66.841
4400430033	66.866
5500420036	66.891
4300290028	66.916
5800870044	66.942
4400590029	66.967
7400440059	66.992
4400740037	67.017
11800430090	67.042
4400590055	67.067
4400430029	67.092
4400290028	67.117
4400290073	67.142
4400730088	67.167
4400730045	67.192
4400740104	67.217
3700730030	67.242
4400370059	67.267
2900370055	67.292
3300370074	67.317
4500330044	67.342
2900580045	67.367
4400290058	67.392
4400890045	67.417
2900590119	67.442
4400290044	67.467
4500590030	67.492
4500440044	67.517
3700890045	67.542
2900430037	67.567
5800440031	67.592
3200480048	67.617
3300440048	67.642
4800490049	67.667
3200490044	67.692
4900330048	67.717
4400390033	67.742
3300500049	67.767
4900500059	67.792
4900330033	67.817
3300370050	67.842
3700490048	67.867
5500370032	67.892
7300360037	67.917
3700550075	67.942
3701110029	67.967
5500370111	67.992
3701110074	68.017
3700550074	68.042
3701110033	68.067
3700290073	68.092
3600490033	68.117
5500290036	68.142
5600920044	68.167
3700930056	68.192
3700560033	68.217
5600370033	68.242
3700560056	68.267
3700290037	68.292
3600440033	68.317
7300330092	68.342
3700330044	68.367
3600450073	68.392
2900590037	68.417
2900870072	68.442
3700300088	68.467
4400450132	68.492
3700880029	68.517
4400370042	68.542
4400590103	68.567
5900440046	68.592
8900290088	68.617
4400430036	68.642
2900440028	68.667
4400880030	68.692
2900440037	68.717
3700440059	68.742
4400440089	68.767
2900590089	68.792
4400590029	68.817
3700440074	68.842
4400740043	68.867
4400740043	68.892
4400450043	68.917
4400660087	68.942
4400660033	68.967
4400660045	68.992
11100670089	69.017
4400440067	69.042
4501120045	69.067
11100440178	69.092
4400440089	69.117
4500450089	69.142
4401110043	69.167
6701780089	69.192
8900900066	69.217
4401110066	69.242
6700880045	69.267
4400440045	69.292
4501120090	69.317
11200440090	69.342
4401120157	69.367
4400430041	69.392
4400440112	69.417
4500890111	69.442
4400450089	69.467
6700670088	69.492
4400670045	69.517
4500670066	69.542
4400670045	69.567
11200670111	69.592
4401120090	69.617
11100890088	69.642
4400890112	69.667
8900900067	69.692
4500670045	69.717
4400660065	69.742
4400440089	69.767
6701120066	69.792
4500440066	69.817
4501370058	69.842
4400370043	69.867
5600450055	69.892
4500370056	69.917
5900440045	69.942
5900450067	69.967
5800440040	69.992
3900550044	70.017
4400390036	70.042
5600570037	70.067
5800380149	70.092
9300440112	70.117
4400560168	70.142
5600390112	70.167
5600370045	70.192
5601490112	70.217
5600290167	70.242
5601110093	70.267
3700370029	70.292
5500390045	70.317
3700390038	70.342
4400560029	70.367
3700380038	70.392
4400370075	70.417
5500560039	70.442
3700440073	70.467
4400380056	70.492
2900590044	70.517
3700560044	70.542
4400580040	70.567
3700250056	70.592
3700590040	70.617
4400390074	70.642
2500290037	70.667
5600360038	70.692
2900350093	70.717
9100550110	70.742
11100370038	70.767
11100920110	70.792
5600370112	70.817
2900360038	70.842
3700760092	70.867
2900550056	70.892
3600450036	70.917
3900450044	70.942
3900360056	70.967
7700590037	70.993
3800780038	71.018
9800590037	71.043
9902370037	71.068
3900590157	71.093
3701370057	71.118
3900590038	71.143
5801360079	71.168
3900780059	71.193
3900590078	71.218
5900380157	71.243
5901380044	71.268
3900790099	71.293
3900370079	71.318
3900590099	71.343
3600800040	71.368
7900380038	71.393
3700380044	71.418
5900780045	71.443
6500450088	71.468
3900660045	71.493
4400890112	71.518
8900890045	71.543
4400390088	71.568
3900670043	71.593
4400670039	71.618
4300450029	71.643
4400390044	71.668
5900440029	71.693
4400590078	71.718
9800590059	71.743
4000790044	71.768
5900790029	71.793
3900780044	71.818
4500290079	71.843
7900370079	71.868
3900440044	71.893
5600590039	71.918
5501110044	71.943
11100560167	71.968
3700560112	71.993
3700290075	72.018
3700560057	72.043
2900560037	72.068
4400550037	72.093
5500440029	72.118
4400580045	72.143
5600390029	72.168
5900390137	72.193
17700290079	72.218
3900790138	72.243
3701780045	72.268
3900440045	72.293
4400400079	72.318
2900980039	72.343
3700600045	72.368
5900400079	72.393
3900670089	72.418
6601100056	72.443
4400440089	72.468
8901110065	72.493
4401110039	72.518
4500900067	72.543
4400890090	72.568
11100880044	72.593
4500450132	72.618
8800660029	72.643
4501110067	72.668
6601110044	72.693
4400670037	72.718
6700370045	72.743
4400370039	72.768
6600440037	72.793
4500660037	72.818
4400390037	72.843
3900580074	72.868
4400320033	72.893
4900330065	72.918
5000450044	72.943
3200500044	72.968
3300550049	72.993
3200660044	73.018
5000280044	73.043
3300500028	73.068
4400280050	73.093
4900280066	73.118
6600270025	73.143
4400320050	73.168
2500500029	73.193
2500890050	73.218
2500290032	73.243
2500290033	73.268
3300250066	73.293
4400740066	73.318
2900440027	73.343
3200440050	73.368
4900330082	73.393
3300330050	73.418
3300500100	73.443
3200310082	73.468
5000440042	73.493
4900270034	73.518
3300500066	73.543
3200660044	73.568
3700440054	73.593
5600440111	73.618
3700550038	73.643
3701120130	73.668
11200370036	73.693
3700560112	73.718
5600550038	73.743
3700370044	73.768
3700440033	73.793
3700550049	73.818
7400430050	73.843
3300480050	73.868
4800490050	73.893
5500370044	73.918
3300440037	73.943
6601670066	73.968
3200330050	73.993
2800250048	74.018
5500500033	74.043
3700560027	74.068
4400560042	74.093
5500370044	74.118
4900430056	74.143
3300500066	74.168
5000560055	74.193
5000440049	74.218
4500500033	74.243
3200450033	74.268
3300370049	74.293
3300330049	74.318
3300370044	74.343
3700330066	74.368
4400430058	74.393
5400330055	74.418
5400330076	74.443
3300540043	74.468
6500770050	74.493
3300540088	74.518
5500550076	74.543
6600550055	74.568
7700660055	74.593
7700660033	74.618
7700660088	74.643
3200490065	74.668
7700880044	74.693
2700560054	74.718
4400260054	74.743
3300340036	74.768
4400320028	74.793
6600280032	74.818
3300280066	74.843
3300280049	74.868
3300540028	74.893
4400290058	74.918
5800440044	74.943
4300880033	74.968
4500590089	74.993
5900290055	75.018
4400890060	75.044
4500590033	75.069
4400590074	75.094
4500430058	75.119
4400580059	75.144
2900580045	75.169
4400300037	75.194
4400430030	75.219
4400440073	75.244
4500580045	75.269
4400440074	75.294
3000430033	75.319
6000440029	75.344
2900450037	75.369
5900440030	75.394
5900880033	75.419
4401030088	75.444
4400290089	75.469
4400440090	75.494
3000440045	75.519
4400440059	75.544
4400430029	75.569
4400290045	75.594
4300250056	75.619
3200810048	75.644
8200650048	75.669
9900330044	75.694
8200990048	75.719
3300330055	75.744
3300500066	75.769
3300320029	75.794
4400330033	75.819
4900330049	75.844
4900550054	75.869
5500360044	75.894
5500920073	75.919
5500550036	75.944
11100370204	75.969
3700550111	75.994
11100370036	76.019
3700740111	76.044
11000330056	76.069
3600290073	76.094
11100440073	76.119
3601110112	76.144
11200370044	76.169
3700560112	76.194
3700290056	76.219
3700330055	76.244
3700290055	76.269
5500550038	76.294
3700360029	76.319
3700550044	76.344
2900360055	76.369
2900430028	76.394
5800870037	76.419
8800370030	76.444
4400290037	76.469
9000370046	76.494
4400590037	76.519
6000460132	76.544
2900440103	76.569
5900290043	76.594
3700580089	76.619
8800290044	76.644
4300740029	76.669
4400590029	76.694
7401030088	76.719
4400740036	76.744
4500330059	76.769
4400730029	76.794
3700590046	76.819
4400290059	76.844
5900730043	76.869
6500880029	76.894
8800660044	76.919
11100660088	76.944
4500430112	76.969
8901120033	76.994
4401110043	77.019
4500890111	77.044
11200450045	77.069
4401110089	77.094
11100890045	77.119
4400890111	77.144
11100450033	77.169
4500670089	77.194
11200670043	77.219
6700900135	77.244
9000440067	77.269
4400670044	77.294
6701110112	77.319
4400430044	77.344
4500450067	77.369
4500440112	77.394
4500550089	77.419
4500670067	77.444
9000890042	77.469
4401110067	77.494
9001110090	77.519
4400890067	77.544
4500450066	77.569
4400450110	77.594
4500670088	77.619
4501120055	77.644
4400660028	77.669
4401110041	77.694
6700440036	77.719
5900670044	77.744
4500450033	77.769
3300390059	77.794
3800440033	77.819
3800420044	77.844
4400390038	77.869
13700450156	77.894
4400590060	77.919
3700390056	77.944
4500560079	77.969
2900450038	77.994
5600930112	78.019
5600550055	78.044
5600290045	78.069
11200390037	78.094
5600750057	78.119
2900370056	78.144
11200450038	78.169
3900290055	78.194
3700560037	78.219
3700440056	78.244
5600370037	78.269
5600370055	78.294
3700390037	78.319
5600370058	78.344
3700290039	78.369
3900290038	78.394
3900380074	78.419
3800390037	78.444
2900440037	78.469
3700370054	78.494
3700460056	78.519
3700370055	78.544
5600370038	78.569
3700560039	78.594
5900370056	78.619
4900440038	78.644
3500360035	78.669
7200560055	78.694
5500370054	78.719
11200740055	78.744
5600380131	78.769
5500740036	78.794
5600370035	78.819
5500290037	78.844
5600440037	78.869
3700380054	78.894
3900590036	78.919
3700390038	78.944
3900570077	78.969
5800370037	78.994
3700780137	79.019
3900590037	79.044
5800400039	79.069
3800780099	79.095
2900590079	79.120
3900450059	79.145
3700590038	79.170
6600250078	79.195
6600440025	79.220
6600440067	79.245
6600890038	79.270
4400890039	79.295
6700390037	79.320
4400670039	79.345
4300370039	79.370
4400660039	79.395
5601110055	79.420
3701470055	79.445
3700560093	79.470
3701110056	79.495
5601120037	79.520
5600930038	79.545
5600560038	79.570
3700330044	79.595
3700560033	79.620
3900740029	79.645
4400390036	79.670
3800560037	79.695
5900440178	79.720
3700370061	79.745
3900560037	79.770
4400560058	79.795
6600330039	79.820
4400400059	79.845
5900360080	79.870
2900360072	79.895
4400390048	79.920
5500490049	79.945
3700650044	79.970
3701150049	79.995
3701160083	80.020
6600550049	80.045
3600990033	80.070
16601000116	80.095
6600370133	80.120
5500350116	80.145
8201150065	80.170
9900370115	80.195
8200330115	80.220
11600500083	80.245
3301830055	80.270
6600320066	80.295
6600320055	80.320
6600490033	80.345
5000550067	80.370
3300500044	80.395
4900650032	80.420
6600820116	80.445
6700490100	80.470
6700350033	80.495
5000330066	80.520
11600500067	80.545
4900830032	80.570
11500990049	80.595
3300990132	80.620
11500990049	80.645
8200650132	80.670
6600330049	80.695
5000320067	80.720
6601000050	80.745
3300660055	80.770
4900670083	80.795
6601160083	80.820
3300670100	80.845
3300490066	80.870
6600440033	80.895
3300500044	80.920
5000500033	80.945
3300830065	80.970
4900330041	80.995
6600270050	81.020
4900500067	81.045
4400290050	81.070
5800330044	81.095
4400580043	81.120
4300660103	81.145
4400590050	81.170
4500890163	81.195
4400590104	81.220
4400430089	81.245
10400300045	81.270
4400890104	81.295
8900290074	81.320
4400300043	81.345
3000740058	81.370
4400290074	81.395
5900330030	81.420
5901040066	81.445
4400590029	81.470
2900590074	81.495
4400300044	81.520
4500290045	81.545
4500590074	81.570
4400290043	81.595
3000740103	81.620
4400300027	81.645
3000290028	81.670
2700500055	81.695
4400290059	81.720
5900450030	81.745
5900440030	81.770
4400590033	81.795
4400330045	81.820
4300580044	81.845
4500490029	81.870
4400730037	81.895
5901040045	81.920
7401040034	81.945
4400440059	81.970
4500450046	81.995
4500330059	82.020
2900440058	82.045
4400260059	82.070
10400300060	82.095
4500450030	82.120
4500290104	82.145
4400730043	82.170
2900440104	82.195
3000590033	82.220
3000450033	82.245
4400330029	82.270
4401040044	82.295
4500550119	82.320
4400290025	82.345
4400290044	82.370
3000260060	82.395
3000450059	82.420
3000440033	82.445
4400440074	82.470
4500290059	82.495
7400450029	82.520
3000440037	82.545
3000590033	82.570
4500300033	82.595
2900600025	82.620
4400290026	82.645
3000450058	82.670
3000300060	82.695
4400740033	82.720
2900450045	82.745
4400740029	82.770
4400300030	82.795
4500450046	82.820
4400440074	82.845
4400290029	82.870
3000450045	82.895
4400330074	82.920
2900590045	82.945
2900890074	82.970
4400300059	82.995
3000450045	83.020
2900590044	83.045
8900740029	83.070
4400740089	83.095
4501040074	83.120
4400890059	83.146
4400300044	83.171
3000740045	83.196
2900890045	83.221
8900440104	83.246
8900590044	83.271
4500290089	83.296
4400440030	83.321
4500300059	83.346
4400740045	83.371
2900590044	83.396
8900740059	83.421
7400440103	83.446
8800290030	83.471
4400440058	83.496
2900450044	83.521
4400890074	83.546
4400300089	83.571
8901040088	83.596
2900450089	83.621
5900890037	83.646
4400290089	83.671
5900300074	83.696
4400740059	83.721
2900450045	83.746
4400290044	83.771
3000890030	83.796
3000450104	83.821
2900880029	83.846
4400590027	83.871
8900290030	83.896
4400300074	83.921
3000300089	83.946
4500590030	83.971
2900330028	83.996
2900590044	84.021
5900440074	84.046
4500740088	84.071
4400590074	84.096
4400740089	84.121
2900740044	84.146
5900290045	84.171
3000330044	84.196
4400300089	84.221
2900290074	84.246
4400440089	84.271
8900450046	84.296
4400290033	84.321
5900450030	84.346
4400300059	84.371
4400330105	84.396
4500290045	84.421
4500290037	84.446
2900740044	84.471
4400300058	84.496
3000330059	84.521
4400290033	84.546
4300730026	84.571
3000590030	84.596
4500740045	84.621
2900440028	84.646
3000440059	84.671
3000300031	84.696
3000440045	84.721
4500290045	84.746
4400290044	84.771
2900740059	84.796
4500300045	84.821
3000300033	84.846
4400590030	84.871
2900450045	84.896
5900330058	84.921
4400300044	84.946
3000330030	84.971
2900290058	84.996
2900280029	85.021
3300440029	85.046
3000330030	85.071
3000330058	85.096
5900290059	85.121
2900290060	85.146
3300440058	85.171
5900330027	85.196
3300590030	85.221
3000440030	85.246
4500440073	85.271
4400290029	85.296
2900450059	85.321
3000440074	85.346
3000590074	85.371
4400300029	85.396
3000440030	85.421
4500290045	85.446
5900590026	85.471
4400430044	85.496
4500590045	85.521
4500250045	85.546
4400440033	85.571
5900450047	85.596
2900290028	85.621
4400300059	85.646
3300450030	85.671
4500590025	85.696
4400330025	85.721
5900330043	85.746
2700330026	85.771
4400290059	85.796
3000450059	85.821
3000250030	85.846
4400440029	85.871
5900650029	85.896
3000260057	85.921
4400290029	85.946
4500460027	85.971
3000450046	85.996
2900450027	86.021
4400280059	86.046
2900470030	86.071
3000440030	86.096
2700460041	86.121
2900440029	86.146
4200300043	86.171
3000360045	86.196
2900600054	86.221
4400290042	86.246
4400300036	86.271
2900430059	86.296
4400640072	86.321
2900280090	86.346
2900280031	86.371
3000300045	86.396
4900370039	86.421
2900330037	86.446
3300440030	86.471
2900280045	86.496
3300460044	86.521
2700260027	86.546
3300280026	86.571
3300250026	86.596
2900250040	86.621
3200460030	86.646
3000350066	86.671
3200290030	86.696
3100580044	86.721
2500400029	86.746
4400320029	86.771
4200350037	86.796
3000260047	86.821
3100440030	86.846
3500260039	86.871
3100260044	86.896
2900350046	86.921
3300250030	86.946
2900570038	86.971
3300270050	86.996
3000330030	87.021
3000270041	87.046
2500320034	87.071
2700460044	87.096
3900430052	87.121
2500430032	87.146
3000410035	87.171
3000310045	87.197
4500390034	87.222
4400290028	87.247
5100630030	87.272
3100390033	87.297
2600360044	87.322
3100350033	87.347
5100450025	87.372
2900580026	87.397
3000440035	87.422
3100390065	87.447
2800290025	87.472
2800320032	87.497
3100410056	87.522
4600440052	87.547
55100300473	87.572
3000250027	87.597
2600270035	87.622
3400440029	87.647
3100290511	87.672
2705320442	87.697
2600870476	87.722
2600450510	87.747
2500340039	87.772
3405130041	87.797
3400330037	87.822
2600300034	87.847
3105120521	87.872
2605250521	87.897
54105370041	87.922
2905140504	87.947
4205360039	87.972
52205460491	87.997
51104890508	88.022
52805150514	88.047
54905320536	88.072
53405300459	88.097
53304970522	88.122
48105490483	88.147
40804570444	88.172
24904590549	88.197
54604720485	88.222
51705040526	88.247
54105230062	88.272
47804540477	88.297
49805300495	88.322
45405420489	88.347
54900270550	88.372
51005430536	88.397
50005460534	88.422
2900790504	88.447
52800770518	88.472
52901200465	88.497
53704740448	88.522
46101580465	88.547
47500300455	88.572
10904830474	88.597
49901090536	88.622
54900820534	88.647
55005340520	88.672
7600790535	88.697
48701340055	88.722
53900870451	88.747
55105050412	88.772
42500370535	88.797
50105490487	88.822
50605140504	88.847
54605470526	88.872
49405390536	88.897
53400560100	88.922
50905430524	88.947
54401400517	88.972
49200770532	88.997
50905070377	89.022
51105290085	89.047
50205260544	89.072
50001120548	89.097
54605400477	89.122
50000870549	89.147
50804990071	89.172
49504640144	89.197
46600560551	89.222
54905040475	89.247
53605180047	89.272
51705340508	89.297
54904970045	89.322
55004590039	89.347
50200330547	89.372
50700250485	89.397
51105110545	89.422
48304980083	89.447
51204780472	89.472
48005030540	89.497
48900270501	89.522
53005000490	89.547
41905060034	89.572
49800270511	89.597
53100510495	89.622
47605140489	89.647
9305160120	89.672
9304430472	89.697
48905250517	89.722
51005210543	89.747
48404690439	89.772
52300980523	89.797
49004450498	89.822
53404960535	89.847
49905460486	89.872
50905500525	89.897
54600430529	89.922
45400460551	89.947
53205480517	89.972
51304740483	89.997
52504630550	90.022
51405000547	90.047
51205420548	90.072
51705000547	90.097
54400320508	90.122
50505510445	90.147
54405080444	90.172
52001200504	90.197
48805160508	90.222
52504830477	90.247
48405370551	90.272
54105320063	90.297
52504950518	90.322
51204940514	90.347
49805000541	90.372
50704920517	90.397
51805430484	90.422
54004970535	90.447
48205200518	90.472
51205420521	90.497
54800800538	90.522
49901030026	90.547
47805480497	90.572
9805140511	90.597
47204780438	90.622
49405440519	90.647
51705200478	90.672
51804390542	90.697
51904240454	90.722
53504420056	90.747
47500410055	90.772
53305430551	90.797
3904600026	90.822
51400630442	90.847
50205300508	90.872
48705030519	90.897
52705390548	90.922
51004980549	90.947
53905510493	90.972
54705220551	90.997
53004370545	91.022
48405190126	91.047
48505360469	91.072
51104660496	91.097
53305450046	91.122
49605430539	91.147
46804660427	91.172
50904260493	91.197
42704880550	91.222
50005100509	91.247
51005130459	91.273
47104960535	91.298
50405120520	91.323
54805490436	91.348
48905310479	91.373
49704900521	91.398
49804960546	91.423
46104990463	91.448
50605230469	91.473
50805340487	91.498
54905310547	91.523
54604910037	91.548
54404600468	91.573
53905450449	91.598
52605490449	91.623
54004720442	91.648
52205300508	91.673
4205020516	91.698
52104410525	91.723
46505140531	91.748
51904660483	91.773
2904890490	91.798
53005160066	91.823
54505300437	91.848
